VisitorsProspective 12 
learningcommunities 50 
ColloquiaMediaPurdue 11 
DoDepartmentsContact 29 42 42 
2015ArchivesLibraryOur 59 
SchedulingScheduling 54 
AttendeesToursGuided 12 
prospectiveStudents 2 
CalendarsPolytechnic 54 
InformationValidated 54 
ClassificationsPaper 54 
ActivitiesIndividual 64 
ScholarshipFulbright 53 
AdvisingScholarships 53 
prospectivestudents 2 2 10 22 26 55 63 64 
AdvisorsEventsPurdue 53 
CoordinatesAstronaut 53 
LeadershipUniversity 56 
OpportunitiesCareers 22 
OpportunitiesConnect 22 
00 24 28 
10 8 31 31 51 51 54 56 
20 31 31 51 51 
11 31 31 51 51 56 59 
21 11 31 31 51 51 
12 11 31 31 51 56 
30 11 51 51 
40 51 51 54 
31 31 31 51 51 
22 31 31 51 51 
13 11 24 31 31 51 51 53 56 
32 51 51 
41 51 
14 51 51 56 
23 34 45 51 51 
50 7 7 51 51 54 
33 51 51 
42 51 51 
60 51 51 
51 34 51 51 
24 11 28 30 36 
15 10 23 26 31 31 51 51 56 
07 51 
34 51 
70 51 
52 51 51 
61 51 51 
43 34 45 51 51 
16 11 31 31 51 51 53 56 
25 11 31 31 51 
53 51 
80 51 
44 51 51 
71 51 51 
17 51 51 56 
26 31 31 51 51 
DoHotelsDiningShopsAttractionsUniversity 12 
35 7 51 
62 7 51 51 
81 51 
36 51 51 
72 51 
54 51 
45 51 51 54 54 
27 30 31 31 51 51 
18 11 31 31 51 56 
37 51 51 
55 51 54 
73 51 
46 51 51 
19 31 31 34 45 51 51 53 56 
28 11 26 51 51 
92 51 
74 51 
65 51 51 
83 51 
47 51 51 
38 51 51 
56 51 51 
29 31 31 51 51 
66 51 51 
48 51 51 
39 51 51 
75 51 51 
57 51 51 
93 48 
67 51 56 
85 51 
49 51 51 
58 51 51 
94 51 
76 51 51 
77 51 51 
68 51 51 
86 51 
95 48 51 51 
59 45 51 
69 51 
78 51 51 56 
87 51 51 
79 51 
88 51 51 
98 51 
89 48 56 
99 51 
GuideContactRegistrar 54 
UsStaffAccommodations 12 
ScholarshipAdditional 53 
EA 64 
CareersResourcesBooks 62 
BE 54 54 
ID 25 
MA 48 48 
NA 51 51 
LC 50 50 
000 7 51 51 
100 7 51 51 53 
MD 2 
101 51 51 
ME 48 
200 48 48 51 51 
110 48 
DO 54 
300 51 
102 51 51 
201 48 48 51 
111 48 
IncidentsJulyReported 31 
RA 3 3 
MG 57 
121 51 
220 48 
EmergencyPreparedness 30 
301 27 38 39 40 41 48 
a3 6 
320 51 
311 51 
113 51 51 
302 49 52 
203 48 
230 42 
AT 36 
140 30 
TA 22 
150 51 51 
240 48 
CS 48 48 
501 42 42 
600 42 60 
700 65 
250 51 
151 51 51 
106 51 51 
520 51 
223 51 51 
241 48 
115 48 
304 34 
160 2 2 4 5 10 10 11 11 12 12 16 18 18 20 20 22 22 23 23 25 25 29 30 30 33 33 43 43 44 44 47 47 48 48 50 50 54 54 55 56 56 57 58 58 60 60 62 62 63 63 64 65 65 
IN 0 1 2 3 4 5 6 7 8 10 11 12 14 15 16 17 18 19 20 22 23 24 25 26 28 29 30 31 32 33 34 34 35 36 37 42 42 43 44 47 47 48 48 50 50 51 51 53 54 54 55 56 56 57 58 58 59 59 60 62 62 63 63 64 65 
610 0 1 2 3 4 5 6 7 8 11 12 14 15 16 17 18 19 20 26 29 31 32 33 35 36 37 42 53 54 54 55 57 58 59 62 63 64 
206 51 
314 51 
251 48 51 
116 48 
503 42 62 
161 42 48 60 
530 36 
333 65 
8a 54 58 
h1 51 51 
225 48 
153 48 
252 48 
180 48 
162 42 48 58 
9a 58 
181 51 
271 51 
118 51 
172 48 
730 36 
h2 28 65 65 
HR 22 22 25 25 26 26 57 57 
BY 54 
h3 53 53 59 59 65 65 
191 51 
137 51 
119 51 
722 51 
821 51 
614 51 
128 42 58 
155 36 
911 28 31 
AZ 24 24 
WE 54 54 
912 53 
129 48 
SI 48 48 
237 42 
LP 23 
139 51 
823 51 
IT 25 34 
h6 53 
725 51 
626 51 
158 48 48 
365 30 
195 51 
825 51 
159 48 
UK 53 
178 51 
NR 51 51 
475 42 
259 7 
169 0 1 2 3 4 5 6 7 8 10 11 14 15 16 17 18 19 20 23 25 29 30 32 32 33 42 43 44 56 57 58 59 62 64 
OR 54 54 
917 51 
386 42 42 
818 28 
IX 4 63 63 
494 0 1 2 3 4 5 6 7 8 10 11 12 14 15 16 17 18 19 20 22 23 24 25 26 28 29 30 30 31 31 32 33 34 35 36 36 37 42 42 43 44 47 47 48 48 50 50 51 53 54 54 55 56 56 57 58 58 59 59 60 62 62 63 63 64 65 
m5 58 58 
927 51 
828 51 
666 51 65 
765 0 1 2 3 4 5 6 7 8 10 11 12 14 15 16 17 18 19 20 22 23 24 25 26 28 29 30 30 31 31 32 33 34 35 36 36 37 42 42 43 44 47 47 48 48 50 50 51 53 54 54 55 56 56 57 58 58 59 60 62 62 63 63 64 65 
649 51 
928 51 
TO 30 54 54 
496 30 36 36 42 56 58 
QS 51 51 
aC 48 
5p 54 
849 51 
UP 23 63 
VP 24 24 25 
Be 22 29 29 54 54 
US 1 7 11 34 34 51 51 53 54 63 
B53 34 
v5 65 
999 3 4 16 17 18 19 20 
He 1 2 20 20 
If 12 22 24 25 26 28 28 29 30 30 31 34 34 35 36 36 37 42 43 44 47 47 48 48 50 51 53 54 54 55 56 59 60 62 63 65 
An 0 1 2 3 4 5 6 7 8 10 11 11 12 14 15 16 17 18 19 20 22 23 24 25 26 28 29 30 31 32 33 34 35 36 36 37 42 43 44 47 48 50 51 53 54 55 55 56 57 58 59 60 62 63 64 65 
Co 1 
P12 51 56 
Do 30 
As 3 5 6 6 8 12 17 18 19 30 42 53 
At 5 
Dr 20 20 42 42 
Im 17 
In 2 11 18 33 34 34 48 48 51 60 
Ph 30 
By 5 34 45 51 
Jr 11 11 
We 1 3 4 5 5 12 17 26 29 29 30 30 35 35 37 37 42 42 48 48 53 55 55 59 65 
No 16 26 63 
On 6 17 25 48 
It 2 3 22 23 23 29 36 54 
AlumniAcademicsGeology 62 
2NA 51 
1000 36 
1100 42 
So 11 
2010 28 34 36 
To 4 5 28 31 36 36 55 64 64 
2002 54 54 
2011 51 51 
6NA 51 
2012 51 
2003 42 
Up 0 1 2 3 4 5 6 7 8 10 11 12 14 15 16 17 18 19 19 20 23 23 31 32 33 35 36 37 53 54 55 60 64 64 
2040 54 
ADA 30 36 36 43 64 
2013 18 25 44 51 56 
Ru 42 
2005 28 
2014 10 11 23 30 30 31 31 32 36 37 47 48 50 51 53 60 63 
fa 10 10 
be 2 4 6 7 16 28 28 30 30 32 33 33 34 34 36 36 42 54 54 58 63 63 
BCC 42 42 59 59 
2114 36 
Us 25 35 42 42 43 43 47 48 65 65 
2015 0 1 2 3 4 5 6 7 8 10 11 11 12 14 15 16 17 18 19 20 22 23 26 29 30 31 31 32 33 34 35 42 42 43 45 48 51 51 54 54 55 56 56 57 58 58 59 59 62 64 65 
ACE 47 
2007 42 
ADD 36 
2016 30 56 56 
bg 28 
1225 58 
2530 42 60 
2620 28 
2008 24 
4600 0 1 2 3 4 5 6 7 8 10 11 12 14 15 16 17 18 19 20 22 23 24 25 26 28 29 30 31 32 33 34 35 36 37 42 44 51 53 54 55 56 57 58 59 62 63 64 
8210 65 
1343 36 36 
1424 30 
2009 20 
0570 54 
8211 47 57 
hd 24 28 28 
8220 2 2 3 20 
ECE 48 
3109 43 
4540 42 62 
8221 2 2 4 20 30 30 31 
he 1 1 2 2 3 6 6 17 20 
8212 1 1 3 5 5 6 16 16 17 17 18 19 20 22 35 
am 36 
0446 30 31 
LAB 47 
3093 42 
if 28 36 
CIC 25 
an 3 4 4 6 11 11 16 17 18 18 19 19 20 20 22 26 26 28 28 30 30 32 34 36 36 42 42 47 47 48 48 53 55 57 58 64 65 65 
MBA 51 51 
1295 36 
7253 36 
6371 30 31 
DDI 29 
LCC 42 42 60 60 
8370 34 
me 3 3 6 16 26 
8217 1 2 2 5 11 12 12 19 20 20 22 23 26 30 30 33 42 42 47 47 57 
1972 63 
9271 57 
1198 47 47 48 48 50 50 
AND 30 31 31 44 54 
do 1 12 26 30 34 36 47 55 56 
1964 63 
0488 42 58 
sa 5 6 18 22 
as 2 2 6 11 16 16 17 28 28 30 30 31 33 33 34 36 36 42 42 47 47 48 48 53 53 54 54 56 56 58 60 60 64 
8571 50 
1866 28 
CCO 1 
of 1 1 2 2 3 3 4 4 5 5 6 6 7 7 8 8 11 11 12 12 16 16 17 17 18 18 19 19 20 20 22 22 23 23 24 24 25 25 26 26 28 28 29 29 30 30 31 31 32 32 33 33 34 34 35 35 36 36 37 42 42 43 43 44 44 47 47 48 48 50 50 51 51 53 53 54 54 55 55 56 56 57 57 58 58 59 59 60 60 62 62 63 63 64 64 65 65 
li 1 2 3 4 5 6 7 8 16 17 18 19 20 65 65 
at 0 1 2 3 4 5 6 7 7 8 10 11 11 12 12 14 15 16 17 17 18 18 19 20 22 22 23 24 24 25 25 26 26 28 29 30 30 31 32 32 33 34 35 36 36 37 42 42 43 44 47 47 48 48 50 50 51 53 54 54 55 55 56 56 57 57 58 58 59 59 60 60 62 62 63 64 65 
8194 48 48 
9328 47 47 48 48 50 
IDI 42 
go 20 47 
END 65 
AFP 25 
in 1 1 2 2 3 3 5 5 6 6 7 7 8 8 10 11 11 16 16 17 17 18 18 20 20 24 24 25 28 28 29 30 30 31 32 33 33 34 34 36 36 42 42 47 47 48 48 51 51 53 53 54 54 55 55 56 58 59 62 63 63 64 64 65 
re 1 3 3 4 5 12 16 26 37 
td 51 
CHM 48 48 
ARE 42 54 
1968 36 54 54 
ATC 36 
FAQ 28 36 
GPA 16 
DOE 7 
ll 2 8 16 18 
5QS 51 
5785 50 
B160 48 
ALL 42 
1969 42 
DRC 36 36 
6919 30 31 
DMI 23 
hr 22 26 
PDF 20 34 36 47 
gt 51 51 55 55 65 
ve 1 11 11 
by 0 1 2 3 3 4 5 5 6 7 7 8 11 11 12 12 14 15 16 17 17 18 19 20 22 24 25 26 26 28 29 30 31 32 33 34 34 35 36 36 37 42 42 47 47 48 48 50 50 51 51 53 53 54 54 55 55 56 57 57 58 59 59 60 60 62 62 63 63 64 65 
HAS 62 
th 51 
TDD 36 
is 2 2 3 4 4 5 7 7 8 8 11 11 16 17 17 18 18 19 19 20 20 22 22 23 25 28 28 29 30 30 31 32 33 34 34 36 36 42 42 47 47 48 50 50 53 53 54 54 55 56 56 58 59 60 62 63 63 65 65 
we 0 1 1 2 3 4 5 5 6 7 8 8 11 12 14 15 16 16 17 17 18 19 20 26 30 32 33 35 35 47 53 55 55 64 
IAS 36 
pm 36 58 58 
OIE 36 36 
D504 34 
on 2 2 6 7 7 8 12 12 16 18 18 19 20 20 25 25 26 29 30 30 33 33 34 34 36 36 37 42 42 47 47 48 48 53 54 54 63 63 65 
no 1 3 
it 1 4 5 5 6 11 16 16 31 32 35 36 48 48 50 54 59 
AIS 0 1 2 3 4 5 6 7 8 10 11 12 14 15 16 17 18 19 20 22 23 25 25 26 29 31 32 33 35 36 37 42 43 47 48 50 53 54 55 57 58 59 60 62 63 64 
ui 65 
9777 62 
6US 51 
7779 42 
WEB 0 1 2 3 4 5 6 7 8 9 10 11 12 13 14 15 16 17 18 19 20 21 22 23 24 25 26 27 28 29 30 31 32 33 34 35 36 37 38 39 40 41 42 43 44 45 46 47 48 49 50 51 52 53 54 55 56 57 58 59 60 62 63 64 65 
FAX 54 
NIH 36 
PCL 6 
ASL 36 
ul 65 65 
THE 51 51 54 
PNC 28 
HFS 25 
or 3 12 19 19 22 25 25 28 28 30 31 31 32 32 33 33 34 34 36 36 37 42 47 47 48 50 53 54 54 56 63 63 
MEP 47 
L105 34 
so 0 1 2 3 4 4 5 6 6 7 8 11 14 15 16 16 17 18 19 20 30 32 33 34 54 55 
HHS 65 65 
PCP 51 
to 1 1 2 2 3 3 4 4 5 5 6 6 7 7 8 8 10 11 11 12 12 16 16 17 17 18 18 19 19 20 20 22 22 24 24 25 25 26 26 28 28 29 29 30 30 31 32 32 33 33 34 34 35 35 36 36 37 42 42 43 44 47 47 48 48 50 50 51 53 53 54 54 55 55 56 56 57 57 58 58 59 59 60 60 63 63 64 64 65 65 
ESL 47 
ASP 34 45 
REM 30 36 36 
SAP 25 
pt 23 
DRO 42 42 
up 4 5 8 8 16 20 24 28 30 30 31 47 53 56 
my 4 11 20 22 48 
MAY 54 
FOR 36 47 
NET 34 45 
BSR 25 
GMT 34 45 
PUC 28 56 
PRF 25 
us 0 1 2 3 4 5 6 7 8 8 11 12 14 15 16 17 18 19 20 23 30 32 33 48 53 55 
USA 34 
NNN 53 
CF10 34 45 
OIR 25 
ETS 36 
LocationPrivacyContact 26 
RecommendationsGrading 54 
SON 42 
ITS 25 
00000 0 1 2 3 4 5 6 7 8 9 10 11 12 13 14 15 16 17 18 19 20 21 22 23 24 25 26 27 28 29 30 31 32 33 34 35 36 37 38 39 40 41 42 43 44 45 46 47 48 49 50 51 52 53 54 55 56 57 58 59 60 62 63 64 65 
NOT 54 
C1E8 34 
16010 48 
12014 31 31 
RSS 25 51 55 56 65 65 
a160 20 
16020 48 
22014 31 
12015 31 
32014 31 
42014 31 
32015 31 
52014 31 
42015 31 31 
40404 30 
YOU 54 
aSI 48 
62014 31 
52015 31 
62015 31 
82014 31 
72015 11 
92014 31 
82015 31 31 
TTY 36 36 
92015 31 31 
1em 10 10 
2em 10 10 
8am 59 59 
HereTransportationMaps 12 
7em 65 
Add 50 54 54 
47906 60 
XYZ 60 60 
ResearchTransformative 55 
47907 0 1 2 3 4 5 6 7 8 10 11 12 14 15 16 17 18 19 20 22 23 24 25 26 28 29 30 31 32 33 34 34 35 36 36 37 42 42 43 44 47 47 48 48 50 50 51 53 54 54 55 56 57 58 59 62 62 63 63 64 65 
65279 31 
Aid 1 2 2 16 24 65 65 
Lab 1 17 24 25 44 47 47 51 56 65 
4th 47 47 48 48 50 50 
4pm 59 59 
ADHD 36 
BICC 25 
Did 23 
Can 12 
Big 3 19 24 
And 6 
IFBC 65 
DMCA 34 34 
Fan 19 
CFID 34 
Are 29 60 
0px 21 28 28 35 35 53 53 55 59 59 65 65 
Act 12 31 31 34 35 36 36 53 54 55 60 63 64 64 
8or 48 
All 18 19 30 32 32 60 
1px 10 42 65 65 
DIFF 7 
CARD 54 54 
Mid 51 
LEED 43 
2px 24 
Rec 1 2 6 19 43 43 
WBAA 18 
Off 17 
I8217 11 11 
3px 10 
Job 6 22 24 24 
Has 48 
HEOA 34 
5px 24 24 
See 20 29 36 62 
Day 59 60 64 
Web 24 25 25 32 32 36 36 44 65 65 
Map 0 1 2 3 4 5 6 7 8 10 11 12 14 15 16 17 18 19 20 22 23 24 25 25 26 29 31 32 33 35 36 37 42 43 43 47 48 50 51 53 54 55 56 57 58 59 60 62 63 64 65 
Fax 36 58 62 
She 16 18 18 19 
8px 10 10 22 22 26 26 31 35 35 55 55 64 64 
Fri 59 
Gay 29 42 42 58 59 62 
App 25 51 
Don 23 23 47 
The 3 5 5 7 8 8 11 12 19 19 20 20 22 24 26 27 28 28 30 30 33 33 34 36 36 38 39 40 41 42 42 45 47 47 49 51 51 52 54 55 56 56 58 59 59 60 60 63 63 65 
Aor 48 
FREE 48 
SoulResourcesResources 29 42 
BMEN 29 42 
Few 8 
Nat 2 
COME 62 
Ive 6 19 
CODO 65 
SCAN 54 
ECON 48 48 
Let 35 48 
BIOL 48 48 
FIRE 30 31 
Pre 50 54 
CAPS 36 63 
Pub 34 
Art 18 18 
May 11 31 31 56 
Ten 3 19 24 
For 0 0 1 1 2 2 3 3 4 4 5 5 6 6 7 7 8 8 10 10 11 11 12 12 14 14 15 15 16 16 17 17 18 18 19 19 20 20 22 22 23 23 26 26 28 28 29 29 31 31 32 32 33 33 34 35 35 36 36 37 37 42 42 43 43 47 47 48 48 50 50 53 53 54 54 55 55 57 57 58 58 59 59 60 60 62 62 63 63 64 64 
KRCH 47 47 48 48 50 50 
Any 33 
Org 25 
Key 54 54 
HELP 47 
add 47 
CUPA 25 
Fun 19 19 
New 65 65 
Mon 59 
SCHL 42 
Isn 11 
ANEW 54 
GIVE 44 
Jul 34 45 
Non 25 47 48 
COGR 25 
But 16 19 20 
Int 1 2 16 
Psi 5 
Set 0 1 2 3 4 5 6 7 8 9 10 11 12 13 14 15 16 17 18 19 20 21 22 23 24 25 26 27 28 29 30 31 32 33 34 34 35 36 37 38 39 40 41 42 43 44 45 46 47 48 49 50 51 52 53 54 55 56 57 58 59 60 62 63 64 65 
Say 50 50 
age 33 36 
Use 25 34 34 
had 8 20 48 
Who 65 
BEST 47 
DOCX 47 
PETE 36 
How 17 
aid 2 16 
THEN 54 
lab 47 47 59 
Son 60 
300PM 53 
EHPS 30 30 
ASUG 25 
Not 37 
Thu 34 45 
SIGN 30 
Way 24 
lcc 60 
fff 35 35 65 
PUID 25 54 
big 3 
can 0 1 2 2 3 3 4 4 5 6 7 7 8 8 11 14 15 16 17 17 18 19 20 30 30 32 32 33 34 36 36 37 47 53 54 54 55 
01em 65 65 
10em 24 
Zip 17 
Top 10 51 
and 0 0 1 1 2 2 3 3 4 4 5 5 6 6 7 7 8 8 10 10 11 11 12 12 14 14 15 15 16 16 17 17 18 18 19 19 20 20 21 22 22 23 23 24 24 25 25 26 26 28 28 29 29 30 30 31 31 32 32 33 33 34 34 35 35 36 36 37 37 42 42 43 43 44 47 47 48 48 50 50 51 51 53 53 54 54 55 55 56 56 57 57 58 58 59 59 60 60 62 62 63 63 64 64 65 65 
247610 56 
02em 53 
SMAS 25 
Now 2 12 16 16 65 65 
pad 51 
bar 51 
MGMT 48 48 
WIEP 47 
SANS 34 
HTML 25 
led 1 3 5 17 48 48 
04em 53 53 59 
gif 28 
IPFW 20 25 28 
Our 17 26 35 42 42 47 48 55 56 58 64 64 
22em 10 10 
end 64 
05em 53 59 
tab 48 48 53 53 59 59 
WILL 54 54 
Out 51 
Why 11 22 
15em 10 
are 5 5 7 7 8 12 12 26 26 28 28 29 29 30 30 31 32 34 35 36 36 42 47 47 54 54 55 59 
act 3 16 34 34 35 
NISO 53 53 
07em 51 
sADA 36 
Put 26 
STEM 11 17 42 53 62 
all 4 4 5 7 16 17 17 20 26 28 29 33 34 34 36 36 42 42 47 47 53 53 55 56 56 58 58 59 62 63 64 65 
pdf 54 
STAR 47 48 65 
SHRM 25 
PSUB 1 
09em 65 65 
off 19 
job 6 24 
OVER 54 
STAT 47 48 48 
agt 29 42 
has 2 3 16 19 20 20 27 28 30 30 34 36 36 38 39 40 41 42 48 48 49 52 53 58 
oie 64 
NEWS 44 
10th 36 
aTDD 36 
inf 34 34 
img 10 10 
see 8 28 29 30 48 48 
You 1 1 2 17 23 26 53 54 
map 44 
PUNK 4 
him 3 
amp 0 0 1 1 2 2 3 3 4 4 5 5 6 6 7 7 8 8 10 10 11 11 12 12 14 14 15 15 16 16 17 17 18 18 19 19 20 20 25 25 29 30 30 31 31 32 32 33 33 34 35 35 36 36 37 37 42 42 43 43 47 47 48 48 50 50 51 51 53 53 54 54 55 55 59 59 60 60 62 64 64 65 65 
web 0 1 2 3 4 5 6 7 8 9 10 11 12 13 14 15 16 17 18 19 20 21 22 22 23 24 25 25 26 27 28 29 30 30 31 32 33 34 35 36 37 38 39 40 41 42 43 44 45 46 47 48 49 50 51 52 53 53 54 55 56 57 58 59 60 62 63 64 65 
edu 0 0 1 1 2 2 3 3 4 4 5 5 6 6 7 7 8 8 9 10 10 11 11 12 12 13 14 14 15 15 16 16 17 17 18 18 19 19 20 20 21 22 22 23 23 24 24 25 25 26 26 27 28 28 29 29 30 30 31 31 32 32 33 33 34 34 35 35 36 36 37 37 38 39 40 41 42 42 43 43 44 44 45 46 47 47 48 48 49 50 50 51 51 52 53 53 54 54 55 55 56 56 57 57 58 58 59 59 60 60 62 62 63 63 64 64 65 65 
fax 54 54 
ARWU 51 51 
s8220 30 
her 5 5 18 18 19 19 33 
via 28 28 30 30 36 54 54 
1Lab 26 
she 4 5 16 16 19 
PUSH 1 36 63 
get 1 1 
13pm 53 
CWUR 51 51 
app 47 
the 1 1 2 2 3 3 5 5 6 6 7 7 8 8 10 11 11 12 12 16 16 17 17 18 18 19 19 20 20 22 23 23 24 24 25 25 26 26 28 28 29 29 30 30 31 31 32 32 33 33 34 34 35 35 36 36 37 37 42 42 44 47 47 48 48 50 53 53 54 54 55 55 56 56 57 57 58 58 59 59 60 60 62 62 63 63 64 64 65 65 
jpg 1 1 2 2 3 3 4 4 5 5 6 6 7 7 8 8 10 11 12 16 16 17 17 18 18 19 19 20 20 22 22 23 26 26 29 35 35 55 55 57 58 59 62 63 63 64 64 
one 3 3 8 17 17 18 20 30 30 36 36 47 47 53 53 54 54 
A57600 65 
WISP 47 
STEW 42 
div 35 35 55 55 
eye 20 
16th 11 
PHYS 48 48 
law 34 34 63 
rem 31 
min 10 29 35 55 
his 1 1 2 2 3 3 17 20 20 33 
btn 1 2 3 4 5 6 7 8 8 16 17 18 19 20 
TEXT 30 
png 10 10 28 53 60 65 
nav 0 1 2 3 4 5 6 7 8 14 15 16 17 18 19 20 32 33 37 51 
max 10 21 21 29 35 35 55 55 
ten 56 
per 54 54 
may 28 28 33 34 34 36 36 47 54 54 56 56 
art 18 42 59 
for 0 1 1 2 2 3 3 4 4 5 5 6 6 7 7 8 10 11 11 12 12 14 15 16 16 17 17 18 18 19 19 20 20 22 22 23 23 24 24 25 25 26 26 28 28 29 29 30 30 31 31 32 32 33 33 34 34 35 36 36 37 37 42 42 44 47 47 48 48 51 51 53 53 54 54 55 56 56 57 57 58 58 59 59 60 60 62 62 63 63 64 64 65 65 
any 25 28 28 33 33 34 34 36 36 63 
MUST 29 
box 24 28 42 
10px 10 35 35 42 65 65 
20px 65 
CSAs 64 
21st 47 48 
new 4 7 8 20 24 30 36 36 53 
non 42 
but 5 5 22 28 28 32 42 55 55 
was 1 3 16 16 36 42 42 
sip 48 
set 33 
40px 10 
13px 8 
tax 54 
sok 48 
gym 36 
50px 10 
say 3 5 5 17 30 48 48 
use 1 11 19 34 34 35 36 36 37 54 
33px 51 
SVRS 36 
B1810B 35 63 64 
60px 29 
15px 28 31 35 35 53 55 55 65 65 
ITaP 12 22 25 25 26 34 35 36 53 55 57 60 64 
cry 5 
how 3 3 8 12 17 18 20 35 36 
who 1 3 4 5 5 16 16 22 28 29 34 34 36 36 42 47 47 48 48 53 57 
YOUR 54 62 
pop 30 30 
25px 28 28 
17px 65 65 
mto 54 
sex 33 36 63 63 
5C8727 6 55 
its 5 20 33 33 34 34 42 42 58 64 64 65 
18px 51 65 
not 22 28 28 30 32 34 36 37 47 47 48 54 54 55 
way 6 19 28 36 
yet 54 
low 2 
ops 1 
top 7 10 17 17 24 42 47 48 50 53 53 59 59 60 65 65 
url 1 1 2 2 3 3 4 4 5 5 6 6 7 7 8 8 10 10 11 12 16 16 17 17 18 18 19 19 20 20 22 22 23 24 26 26 28 28 29 35 35 53 55 55 57 58 59 60 62 63 63 64 64 65 
66px 65 65 
now 17 22 28 30 30 54 
own 2 4 33 33 
58px 28 
StaffOperationsFacility 60 
moz 28 
uns 10 23 
999999 8 
our 2 3 6 6 8 17 20 22 30 34 35 42 47 53 53 55 55 65 
C76C14 64 
row 42 
why 8 
out 2 5 17 18 36 47 
rss 1 1 2 2 3 3 4 4 5 5 6 6 7 7 8 8 16 16 17 17 18 18 19 19 20 20 55 
98px 65 
A3792C 22 26 
put 11 56 
NAECC 42 42 62 
two 30 36 54 
849E2A 35 63 64 
you 1 1 2 3 4 4 5 8 8 11 12 12 16 18 19 19 22 24 25 25 26 26 28 28 29 29 30 30 31 34 34 35 36 36 37 37 42 43 44 47 47 48 48 50 51 53 54 54 55 56 59 60 62 62 63 65 
PWDs 36 
AICPA 25 
DisabilitiesScholarship 53 
FFD100 10 
FAFSA 2 
AASHE 25 
7CA6C0 63 64 
www 1 1 2 2 3 3 6 6 7 7 8 8 10 11 16 16 17 17 18 18 19 19 20 20 28 28 30 31 31 34 45 55 55 60 63 63 65 
1029155 63 
EMAIL 54 
APSAC 23 
AHOME 62 
7and 30 
CSSAC 23 
075em 53 59 
OIRAE 51 
Deaf 36 
Back 47 48 50 
Each 36 54 
CAROL 30 
2EAFA4 1 22 26 65 
STAFF 44 
EPICS 36 36 
TTYs 36 
Ihad 48 
Dean 36 54 63 
ALERT 30 30 
FF9B1A 63 
Bldg 62 
2EAF9B 35 
HUMAN 22 26 
Area 12 
PHONE 54 
Card 25 
LGBTQ 4 18 42 42 65 
Data 4 20 20 22 22 25 25 26 34 51 51 57 57 
Idid 3 
Care 36 
HERUG 25 
Code 24 56 56 
Read 55 
Case 31 31 
Feel 17 
Need 10 23 54 
aJob 6 
SLOAN 62 
Chem 47 
LSAMP 42 42 
Page 36 37 
Grad 53 
Date 34 45 
Make 19 26 
Fall 48 
Kane 42 
Safe 42 
Bias 29 58 62 
Male 29 42 
Gear 19 
UCO504 34 
High 11 
Life 1 2 22 24 36 51 51 65 65 
Name 51 
Hall 36 42 53 54 54 56 56 63 
Find 0 0 1 1 2 2 3 3 4 4 5 5 6 6 7 7 8 8 10 10 11 11 12 12 14 14 15 15 16 16 17 17 18 18 19 19 20 20 22 22 23 23 24 26 26 29 29 31 31 32 32 33 33 35 35 36 36 37 37 42 42 43 43 47 47 48 48 50 50 53 53 54 54 55 55 57 57 58 58 59 59 60 60 62 62 63 63 64 64 
Hate 29 58 62 
190px 28 65 
Free 20 
Jain 2 
227px 65 
Jiao 51 51 
704px 28 28 
Mail 25 34 
ECE1CB 24 
Fees 2 
Tech 20 26 
Here 18 
Real 5 5 7 
Once 3 
Take 2 47 
Gold 47 47 48 48 
APPLY 44 
Fire 30 30 31 36 36 
770px 21 21 
Club 19 19 24 36 43 43 
Mall 0 1 2 3 4 5 6 7 8 11 12 14 15 16 17 18 19 20 26 29 31 32 33 35 36 37 42 42 53 54 54 55 56 57 58 58 59 62 63 64 
OpportunitiesAdditional 53 
Vice 25 25 33 36 63 63 64 64 
Team 22 26 36 57 57 
Rape 31 31 
Golf 19 24 
Food 1 6 25 
Acup 62 
TODOS 42 
Good 28 
Wide 25 28 32 32 
Help 22 26 34 47 47 53 57 57 
Bass 19 
Home 0 1 2 3 4 5 6 7 8 10 11 12 14 15 16 17 18 19 20 22 23 26 28 29 31 32 33 34 35 36 36 37 42 43 44 47 47 48 48 50 51 51 53 54 55 57 58 59 60 62 63 64 65 
Send 54 
InformationRegistration 54 54 
Loan 51 
Self 51 
Math 47 47 
Gift 43 
Lady 11 
Exam 54 
Meet 48 56 
Plan 20 24 36 56 65 
991px 10 29 
Give 0 1 2 3 4 5 6 7 8 10 11 12 14 15 16 17 18 19 20 22 23 26 29 31 32 33 35 36 37 42 43 47 48 48 50 53 54 55 57 58 59 60 62 63 64 65 
Week 51 51 53 53 
Rank 51 51 
Peer 42 48 
sAll 36 
767px 35 55 
992px 35 55 
IUPUI 20 
Info 0 0 1 1 2 2 3 3 4 4 5 5 6 6 7 7 8 8 10 10 11 11 12 12 14 14 15 15 16 16 17 17 18 18 19 19 20 20 22 22 23 23 26 26 29 29 31 31 32 32 33 33 35 35 36 36 37 37 42 42 43 43 47 47 48 48 50 50 53 53 54 54 55 55 57 57 58 58 59 59 60 60 62 62 63 63 64 64 
Both 36 
Path 34 34 
768px 10 29 
Even 62 
Link 36 
Best 34 36 51 51 
20101154 34 
Fast 30 
Body 29 42 
Pete 19 
b1810b 10 10 
Park 5 7 7 8 8 24 24 56 56 
Jobs 1 
UniversityCertification 54 
Time 51 
VISIT 44 
John 19 24 53 
Also 17 30 
Cary 6 
deaf 36 36 
Join 24 
back 54 
sWeb 36 
each 33 34 47 54 
Sign 30 31 36 36 53 
Maps 12 25 43 
That 1 
Open 11 51 51 55 
June 11 11 31 31 
When 1 62 
Full 51 
sGet 35 
eduU 34 
Zike 20 
abig 19 
Visa 16 
More 8 10 20 30 30 43 43 55 
Last 51 
Some 32 47 
feed 30 53 53 55 59 59 
Tier 26 
Form 25 25 36 36 47 
From 6 12 16 
able 4 37 54 
What 1 48 50 50 
Drop 54 54 
dmca 34 
Menu 0 1 2 3 4 5 6 7 8 10 11 14 15 16 17 18 19 20 22 23 26 29 32 33 35 37 42 47 48 50 53 54 55 57 58 62 64 
Note 47 
came 16 
lead 8 22 36 60 
deal 3 
Move 43 
Skip 34 
made 30 36 56 
Prep 6 
b8b308 5 22 
Past 56 
Tong 51 51 
c76c14 7 
glad 3 
This 2 3 8 23 23 25 30 30 32 36 36 63 63 
area 31 36 
EnvironmentalRegulatory 30 
Risk 25 
Sino 18 
City 16 
Cost 2 
a3792c 2 
Star 65 
7e553a 55 
Pres 30 
been 19 28 30 34 36 48 48 
They 8 
Arts 0 4 14 15 18 18 32 33 36 37 50 51 59 59 
Shop 0 0 1 1 2 2 3 3 4 4 5 5 6 6 7 7 8 8 10 10 11 11 12 12 14 14 15 15 16 16 17 17 18 18 19 19 20 20 22 23 26 29 31 31 32 32 33 33 35 35 36 36 37 37 42 43 47 48 50 53 53 54 54 55 55 57 58 59 60 60 62 63 64 64 
half 48 
AAARCC 42 42 58 58 
race 33 36 
Fort 25 28 54 
Wish 19 
bike 17 
View 10 55 
care 2 2 26 26 36 36 
Keys 54 
Word 54 
Zone 42 
case 34 36 
call 28 28 29 30 30 36 
List 25 47 
Jump 25 51 56 56 65 
ajob 24 30 
need 17 36 36 47 47 55 
Peru 16 
read 11 
With 0 3 14 15 55 
Room 42 42 47 47 48 50 54 54 56 58 63 
Quin 16 16 
page 0 1 2 3 4 5 6 7 8 10 11 12 14 15 16 17 18 19 20 22 23 24 24 25 25 26 28 28 29 30 30 31 32 32 33 34 35 36 36 37 37 42 43 44 47 47 48 50 50 51 51 53 54 55 56 56 57 58 59 60 62 63 64 65 
News 0 1 1 2 2 3 3 4 4 5 5 6 6 7 7 8 8 10 10 11 11 12 14 15 16 16 17 17 18 18 19 20 20 22 23 23 25 25 26 29 29 31 32 33 35 35 36 37 42 43 43 47 48 50 51 51 53 53 54 55 55 56 56 57 57 58 58 59 59 60 60 62 62 63 64 65 65 
Tool 54 
TUTOR 47 
aimg 28 
ease 16 
make 3 5 5 22 30 42 48 56 
date 1 2 3 4 5 6 7 8 16 17 18 19 20 30 53 53 54 
Next 56 
fall 54 
User 54 
hard 36 
safe 30 36 63 
aday 28 
desc 24 24 
Know 23 
pack 17 
land 2 
ahub 56 56 
Swim 43 
file 36 
Tips 31 
chat 12 12 
cell 8 8 
life 2 2 5 16 17 19 20 33 42 59 
high 1 
bold 55 
name 54 
hall 36 36 
aids 36 
said 7 48 
mean 5 
find 2 2 16 18 19 36 37 47 47 53 
Type 54 
Univ 51 
Rush 47 47 48 48 
Lost 43 
free 36 42 47 47 54 
labs 30 
lend 57 
mail 54 54 
sPALS 36 
goal 33 57 
fell 16 
Work 6 42 53 57 57 
Most 5 11 
West 0 1 2 3 4 5 6 7 7 8 10 11 12 12 14 15 16 17 18 19 20 22 23 24 25 26 28 29 30 30 31 32 33 34 34 35 36 36 37 42 42 43 44 47 47 48 48 50 50 51 53 54 54 55 56 56 57 58 58 59 59 60 62 63 63 64 65 
Plus 65 
tech 57 
pane 53 53 59 59 
Xray 36 
real 22 36 
ride 17 
July 11 26 31 31 56 
avid 4 
come 3 6 7 18 19 22 48 54 54 
have 2 12 18 19 19 20 22 24 25 25 26 28 28 29 30 30 31 34 34 35 36 36 37 42 43 44 47 47 48 48 50 50 51 53 53 54 55 55 56 57 59 60 62 63 65 
here 1 11 12 16 16 18 27 28 30 34 38 39 40 41 42 49 52 53 58 60 
scan 54 
once 48 48 
Text 36 
main 35 56 58 
keep 30 56 
cans 20 
take 11 30 60 
like 1 2 2 3 4 54 
rich 42 42 58 59 
done 30 
same 30 
fire 30 30 31 
edit 24 28 32 
eggs 10 10 
fill 36 
team 6 8 19 
line 24 24 28 28 
seek 22 
fans 19 
film 18 
apre 16 
wide 28 
home 21 32 35 35 42 42 56 56 62 62 64 
mine 19 
good 6 28 
help 0 1 1 2 3 4 5 5 6 7 8 8 10 10 11 12 14 15 16 16 17 18 18 19 20 23 23 30 32 33 35 36 37 47 47 48 48 54 54 63 
mock 53 
afun 36 
send 30 36 
math 22 
five 7 19 
self 1 47 57 
acts 42 56 
meet 42 58 
plan 36 36 
mark 28 28 
left 24 28 28 35 35 53 53 59 60 65 65 
kids 19 
does 16 28 32 47 47 54 
anew 7 42 
than 7 8 30 
give 6 
felt 6 11 48 
talk 47 47 
hope 37 
week 23 23 
info 16 23 24 42 53 
47907765 59 
CACUBO 25 
both 12 16 32 36 
much 2 32 
path 0 1 2 3 4 5 6 7 8 9 10 11 12 13 14 15 16 17 18 19 20 21 22 23 24 25 26 27 28 29 30 31 32 33 34 35 36 37 38 39 40 41 42 43 44 45 46 47 48 49 50 51 52 53 54 55 55 56 57 58 59 60 62 63 64 65 
vpec 63 64 
body 51 60 
them 25 
best 11 19 47 
hero 10 11 12 20 22 23 26 29 29 35 53 55 57 58 59 60 62 63 64 
goes 6 
even 3 12 
itap 0 1 2 3 4 5 6 7 8 9 10 11 12 13 14 15 16 17 18 19 20 21 22 23 24 25 26 27 28 29 30 31 32 33 34 34 35 36 37 38 39 40 41 42 43 44 46 47 48 49 50 51 52 53 54 55 56 57 58 59 60 62 63 64 65 
then 50 
save 48 
walk 47 
time 3 11 11 12 12 48 54 54 55 
Your 3 19 34 53 54 58 65 
also 2 6 8 17 18 20 22 30 30 36 36 42 53 54 55 
item 1 2 3 4 5 6 7 8 16 17 18 19 20 
ehps 30 30 31 31 
long 24 
join 19 50 
alot 17 
ring 16 
live 12 19 55 
none 0 1 2 3 4 5 6 7 8 14 15 16 17 18 19 20 21 21 24 28 28 32 32 33 33 37 51 51 65 65 
sign 47 
tell 35 
days 30 54 54 
used 7 28 36 
year 6 7 7 8 11 11 30 42 42 
that 1 2 4 4 5 6 6 7 11 17 17 18 19 20 20 22 24 26 28 28 29 30 30 32 33 34 34 36 36 42 42 47 47 48 48 53 53 54 54 55 55 56 56 60 60 62 63 64 64 65 65 
away 42 42 48 48 62 
ever 42 58 
drug 36 
role 18 
s12th 11 
open 7 36 47 50 50 65 
when 1 3 4 20 22 24 28 54 54 
nbsp 28 28 34 34 51 51 65 65 
IACUBO 25 
full 17 20 33 54 
soap 5 
were 3 20 37 37 
such 2 19 34 36 36 48 63 
more 1 2 7 8 26 29 29 30 30 34 36 36 48 48 60 
door 30 30 
well 28 30 30 34 36 53 54 
kept 18 
form 11 36 36 54 54 
sthe 5 20 
some 5 6 17 18 
from 4 7 7 23 29 29 30 30 32 32 36 36 42 42 53 54 62 63 63 
what 2 6 8 12 17 19 48 
sans 65 65 
drop 53 53 
html 28 
site 24 30 37 
sone 19 
grew 16 48 
look 11 
ashy 3 
many 2 2 6 12 30 32 33 36 36 47 48 
SEARCH 47 
HEALTH 30 31 
love 4 4 16 20 
BELONG 62 
SHARED 54 
UNABLE 54 
prep 53 
laws 33 64 64 
font 8 10 10 24 35 35 51 51 55 55 65 65 
part 7 30 30 31 42 42 63 
move 1 17 57 
term 54 
NACUBO 25 
down 11 48 
foot 7 
will 6 7 7 11 12 28 28 30 30 33 34 36 36 37 42 42 47 47 54 55 55 58 60 
this 0 1 1 2 3 4 5 6 7 8 10 11 11 12 12 14 15 16 17 18 19 20 22 23 24 24 25 26 28 28 29 30 31 32 32 33 33 34 35 36 36 37 37 42 43 44 47 47 48 50 51 53 54 54 55 55 56 57 58 59 60 60 62 63 64 65 
PartnersAcademicsStudent 58 
stem 55 
risk 36 
auto 7 65 
cost 2 55 
they 33 36 48 48 
sfor 30 
sent 30 54 
arts 18 18 59 
polo 17 17 
star 10 10 
tens 5 
want 5 19 29 30 48 
into 2 8 42 42 47 47 48 60 
pool 0 1 2 3 4 5 6 7 8 9 10 11 12 13 14 15 16 17 18 19 20 21 22 23 24 25 26 27 28 29 30 31 32 33 34 35 36 37 38 39 40 41 42 43 44 45 46 47 48 49 50 51 52 53 54 55 56 57 58 59 60 62 63 64 65 
CREDIT 54 54 
whom 47 
view 30 
copy 24 28 51 65 
size 8 10 10 24 35 35 51 51 55 55 65 65 
keys 54 54 
list 36 65 65 
1199px 35 55 
POLICE 31 
over 30 
four 23 
step 16 
with 0 0 1 1 2 2 3 3 4 4 5 5 6 6 7 7 8 8 10 10 11 11 12 14 14 15 15 16 16 17 17 18 18 19 19 20 20 22 22 23 23 26 26 28 29 30 30 31 31 32 32 33 33 34 34 35 36 36 37 42 43 47 47 48 50 50 53 53 54 54 55 57 57 58 58 59 60 62 62 63 63 64 64 65 65 
news 23 23 25 36 51 56 65 
took 5 
host 59 
SupportTutoringTutoring 47 
hour 36 36 
punk 4 
woud 54 
sure 54 54 
user 36 36 
PUBLIC 31 
soon 30 
next 5 7 17 23 62 
grow 4 8 55 
know 4 48 
tips 48 
swim 36 
unit 36 
http 28 28 60 
uses 5 
says 1 1 2 3 4 5 6 8 16 16 17 18 19 20 
true 0 1 14 15 37 
CENTER 47 
COSINE 47 
show 35 
stay 19 53 
ffd100 10 
loss 1 
vary 59 
type 54 65 65 
upon 35 54 
pops 24 28 
a37b2c 24 24 
only 3 10 22 35 35 47 54 55 55 
lost 1 
most 5 6 6 18 19 19 47 54 
work 2 20 34 34 35 35 36 55 57 64 
busy 1 
7ca6c0 10 
root 8 
ways 2 5 8 18 
suit 34 
text 24 30 30 31 65 65 
7ed0e0 22 26 
duty 55 
very 55 
just 1 62 
3feed 53 
SHELBY 30 
snow 20 
4feed 53 
must 34 34 36 36 54 54 
CAMPUS 30 
turn 2 
tour 16 
ALERTS 44 
swhy 1 
SAFETY 30 
e9e45b 10 
your 2 16 19 26 26 28 28 30 30 34 34 35 35 36 47 47 48 48 54 54 56 57 57 62 62 65 
SENIOR 30 
iiia4 28 
COURSE 47 
InitiativesAffordability 55 
Added 51 51 
SUBMIT 54 
PURDUE 30 30 31 31 
JoAnn 56 
SMail 34 
Caleb 3 3 17 17 
NOTIFY 54 
Adobe 34 
Dance 18 19 59 
linksAudienceProspective 57 
REPORT 30 
AWish 19 
f9f9f9 42 
5C6BEB51 34 
Black 4 18 29 29 42 42 58 59 59 62 65 
Based 30 
CertificationsEnrollment 54 54 
Media 0 1 2 3 4 5 6 7 8 10 10 11 12 12 14 15 16 17 18 19 20 23 24 24 25 28 28 30 32 33 34 35 35 36 36 37 37 43 43 44 51 51 55 55 65 
Achat 62 
FAQAdd 54 54 
Grade 54 54 
Field 62 
1nbsp 51 
2nbsp 51 
BWest 42 62 
Legal 34 
India 2 
Click 30 48 48 
Alpha 5 
Ideas 0 14 15 18 18 32 33 62 
Brand 35 
Broad 51 
5nbsp 51 
Asked 34 43 50 
7days 28 
Email 25 28 28 36 62 
Bands 18 
Board 1 3 18 20 23 25 56 56 65 
Arial 65 65 
Cited 51 
Armed 31 31 
Final 54 
7nbsp 51 
8nbsp 51 
March 31 31 53 
Local 28 
Birck 24 
Derek 20 20 
Cheri 11 
9nbsp 51 
Faith 28 
Areas 24 
Asian 4 18 18 29 29 42 42 58 58 59 59 62 62 
Fahey 53 
Leave 43 
Cards 43 
Knife 31 31 
Kappa 5 
Bikes 44 44 
Civic 29 42 
Hands 26 
Guide 7 29 36 36 47 47 48 51 53 54 54 62 64 
Marie 4 
Renee 42 
Agent 34 34 
Award 30 36 47 48 51 57 63 65 65 
Abuse 64 
9710Fax 56 
Donna 34 
Crime 31 64 64 
Pages 25 
Maker 19 
Excel 54 
Green 43 
Doing 37 
Draft 34 
Carol 31 
Facts 24 
Dates 2 16 
Since 58 
Learn 43 60 
After 28 
Offer 6 
sLand 0 14 15 
Duhme 53 
Files 25 
Huang 18 
ahead 11 
Refer 54 
Earth 51 
Stage 18 
Camps 17 24 
Jazna 5 5 
Speak 0 1 2 3 4 5 6 7 8 10 11 12 14 15 16 17 18 19 20 31 32 33 35 36 37 53 54 55 60 63 64 64 
Staff 0 1 2 3 4 5 6 7 7 8 10 11 12 14 15 16 17 18 19 20 22 23 23 24 24 25 26 29 31 32 33 35 36 37 42 43 43 47 47 48 48 50 50 51 53 54 55 56 57 57 58 59 60 62 63 64 65 65 
Ihope 11 
Mitch 11 30 
Ready 2 
Fairs 1 6 
Hovde 54 54 56 56 
UsWho 35 
Civil 51 63 
Watch 48 
Video 36 50 50 
Audit 25 25 28 28 
Alove 18 
Ankit 2 2 
Sales 43 
Equal 33 63 
April 31 31 51 56 
Bound 29 42 42 58 59 62 
Rueff 18 
Alert 13 30 
Index 11 24 24 
There 6 28 30 30 47 
Afton 4 4 
Major 53 54 
Below 47 
Login 34 
These 30 30 31 36 47 54 
Olark 12 
While 11 
Vitae 11 
Clubs 3 3 
Chris 1 1 
Human 0 1 2 3 4 4 5 6 7 8 8 10 11 14 15 16 17 18 19 20 22 23 24 25 25 26 26 31 32 33 36 37 50 57 57 63 65 65 
naecc 62 62 
Bravo 57 
Adult 47 47 48 
Drive 42 
Phone 25 31 31 36 62 
Anvil 7 
Hires 64 
dance 59 
Third 42 47 47 48 48 50 50 59 
Theft 31 31 
Moved 27 27 38 38 39 39 40 40 41 41 
agame 20 
Films 18 
About 0 7 14 15 20 20 23 24 24 25 29 32 33 34 35 36 37 42 42 43 43 47 48 48 56 56 60 60 65 
Score 51 51 
Found 37 43 49 49 52 52 
Cores 8 
Grant 0 8 14 15 
Value 51 51 
Relay 36 
acase 36 
Kevin 6 6 
Gifts 3 
Quick 0 0 1 1 2 2 3 3 4 4 5 5 6 6 7 7 8 8 10 10 11 11 12 14 14 15 15 16 16 17 17 18 18 19 19 20 20 22 22 23 23 24 26 26 29 29 31 32 32 33 33 35 35 36 37 37 42 42 43 47 48 50 53 53 54 54 55 55 57 57 58 58 59 60 62 62 63 64 64 
Under 54 
Exams 47 47 
apage 24 28 
Think 21 
Iknew 16 
Allow 54 
Loong 42 
based 36 42 42 63 
Rates 36 
Clery 12 31 31 35 36 53 54 55 60 64 
again 11 
media 10 21 29 35 35 55 55 
aimed 7 42 
Goins 4 
sBest 51 
Mills 30 
SPECIAL 30 
Parks 20 
Music 18 34 
State 7 34 51 51 
ahigh 5 36 
Rinse 5 
Today 0 1 2 3 4 5 6 7 8 10 10 11 12 14 15 16 17 18 19 20 22 23 23 24 25 26 29 31 32 33 35 36 37 42 43 47 48 50 53 54 55 57 58 59 60 62 63 64 
Links 0 0 1 1 2 2 3 3 4 4 5 5 6 6 7 7 8 8 10 10 11 11 12 14 14 15 15 16 16 17 17 18 18 19 19 20 20 22 22 23 23 24 25 26 26 29 29 31 32 32 33 33 34 35 35 36 37 37 42 42 43 47 48 50 51 53 53 54 54 55 55 57 57 58 58 59 60 62 62 63 64 64 65 
Times 51 51 
Floor 36 47 47 48 48 50 50 
Queer 29 42 42 58 59 62 
Event 29 42 47 48 50 50 
Patti 18 
Other 12 23 29 35 36 42 42 53 54 55 58 59 60 62 63 64 
Title 4 63 63 
grade 48 48 
reach 33 47 
Arson 31 31 
Iwant 20 
3070233098 2 4 9 11 14 18 20 27 32 33 37 39 42 49 53 55 56 64 65 
image 1 1 2 2 3 3 4 4 5 5 6 6 7 7 8 8 10 10 11 12 16 16 17 17 18 18 19 19 20 20 21 22 22 23 24 24 26 26 28 28 29 35 35 53 55 55 57 58 58 59 60 62 63 63 64 64 
child 36 53 59 
Wayne 25 28 54 64 
field 25 28 51 56 65 
drama 59 
break 48 
3358001674 45 
MESSAGE 30 
Yuhan 18 18 
teach 17 
place 16 22 28 36 55 62 
areal 3 
being 2 34 54 
Month 48 
Women 47 62 
click 28 34 
ideas 22 25 33 60 
pedal 17 
piece 4 
Apply 0 1 2 2 3 4 5 6 7 8 10 11 12 14 15 16 16 17 18 19 20 22 22 23 24 26 29 31 32 33 35 36 37 42 43 47 48 50 50 53 54 55 57 58 59 60 62 63 64 65 65 
Smart 51 
Doors 51 51 
brand 35 35 
feeds 25 25 51 51 56 65 
Forms 22 25 25 26 36 36 54 57 57 64 
Moses 19 
faxed 54 
Money 51 
Guest 43 43 
board 25 51 
World 16 25 32 32 51 51 
email 12 34 36 47 54 54 
First 11 26 
Menus 1 
Todos 60 
Rawls 56 56 
dmain 24 24 28 
leads 18 
globe 1 5 
Union 1 12 18 56 56 
Susan 65 
Suite 42 42 
ahome 42 
lease 36 
CFTOKEN 34 
final 30 33 
awide 30 
agood 28 34 
Photo 23 43 54 59 63 65 
bkgrd 10 10 
smade 6 
Moves 2 3 10 16 20 23 55 55 
Towel 43 
large 30 30 
North 20 22 25 25 28 54 63 
align 10 24 
block 10 10 24 28 28 55 55 63 63 64 64 
local 5 7 12 17 19 28 33 36 42 
aTour 2 12 
WELCOME 42 56 
brain 36 
Louis 29 42 42 58 59 62 
faith 28 28 34 
amark 19 
space 7 42 42 58 
areas 2 47 
Costs 2 
apeer 48 
range 36 
Shoot 35 
3357739530 34 
ASAFETY 30 
above 30 34 54 54 
alarm 30 
aweek 28 48 48 
Group 25 
Press 24 
leave 19 
match 8 53 
bikes 44 
guide 36 36 
codes 30 
alink 51 
agent 34 34 
calls 30 30 36 
Stats 29 62 65 
dleft 24 
needs 12 26 30 42 58 
admit 4 
Visit 0 1 2 2 3 4 5 6 7 8 10 11 12 14 15 16 16 17 18 19 20 22 23 24 26 29 30 31 32 33 35 36 37 42 43 47 47 48 48 50 50 53 54 55 57 58 59 60 62 63 64 
crime 31 
panel 30 
abuse 28 63 
pages 25 32 32 36 
tMiss 23 23 
maker 4 
build 4 60 
excel 55 
dates 54 
SERVICE 47 
Hours 43 43 58 59 
speed 36 
facts 34 
Motor 31 
Style 24 51 56 65 
doing 17 
shape 8 
along 6 18 24 
after 42 
basis 30 33 33 36 63 63 
ayear 30 
fraud 28 
offer 26 30 30 42 58 
Users 25 
Trips 17 
haven 16 
among 11 33 33 42 42 55 65 
learn 8 17 17 29 42 
since 5 16 19 28 
fight 5 8 8 
bring 4 42 62 
3170896394 0 1 3 7 10 12 15 21 23 26 29 30 31 35 36 38 40 47 48 51 52 54 57 58 59 62 63 
Units 65 
forge 55 
South 42 62 
files 34 
theme 29 
taken 20 48 
share 5 42 48 60 60 
3036678666 5 6 8 13 16 17 19 22 24 25 28 41 43 44 46 50 60 
which 2 3 17 28 30 33 33 36 53 54 
great 2 55 
refer 53 
CENTERS 47 
camps 42 
afull 36 
means 36 
shall 33 34 34 63 
stage 18 
staff 7 23 23 24 30 30 36 36 42 42 53 53 57 60 63 63 65 
amore 4 
exact 48 
fines 34 
ready 29 
wield 17 
tfind 12 
depth 8 
fairs 6 42 
Thurs 59 
class 47 62 
sWest 44 
voice 36 
close 34 45 
Works 26 
goals 20 35 42 53 
older 20 
video 36 48 
anote 30 
could 8 8 17 36 
civil 6 34 
comes 2 32 32 
afont 65 
stake 55 
PROGRAM 47 
FACULTY 44 
urban 42 
three 36 54 54 
drink 20 
level 5 20 
later 3 54 
takes 3 
apart 3 22 53 53 
equal 0 0 1 1 2 2 3 3 4 4 5 5 6 6 7 7 8 8 10 10 11 11 12 12 14 14 15 15 16 16 17 17 18 18 19 19 20 20 22 22 23 23 24 24 25 25 26 26 28 28 29 29 30 30 31 31 32 32 33 33 34 34 35 35 36 36 37 37 42 42 43 43 44 44 47 47 48 48 50 50 51 51 53 53 54 54 55 55 56 56 57 57 58 58 59 59 60 60 62 62 63 63 64 64 65 65 
serif 65 65 
birth 54 
small 51 
SUCCESS 47 
given 36 
below 30 37 
these 25 30 30 32 34 36 36 42 55 60 
human 24 65 
Youth 17 24 24 43 43 
while 12 12 36 47 
might 5 
major 3 6 20 53 65 
Study 1 2 6 10 17 51 65 65 
adult 36 36 
teams 30 36 
phone 2 2 12 30 
PRIVATE 47 
pains 34 
seeks 33 42 42 58 
moved 27 38 39 40 41 49 52 
solid 10 10 22 22 24 26 26 35 35 42 55 55 64 64 
about 2 8 19 20 20 29 29 30 30 34 36 42 48 50 50 53 
where 2 22 28 48 54 
icons 65 
acopy 54 54 
score 51 51 
helps 36 57 
grant 36 
order 36 
locks 30 30 
drawn 16 
their 3 18 22 32 33 34 36 36 42 47 48 48 53 53 55 57 57 60 60 
found 3 32 48 
PARENTS 54 
grasp 48 
tapes 47 
Tours 43 
relay 36 36 
owned 30 
sends 30 
alist 16 47 47 
value 12 55 55 
sense 62 
Tutor 47 47 
under 34 36 36 63 
train 30 
StaffServicesServicesCost 26 
right 21 34 35 35 53 59 65 
plans 16 30 
PROCESS 54 
peers 48 
skill 47 
weeks 23 
avast 22 
plant 8 8 
molds 6 
hopes 2 4 
color 1 2 3 4 5 6 7 8 10 10 16 17 18 19 20 21 31 33 36 42 51 51 63 63 65 65 
seize 55 
CalendarsCommencementFERPAA 54 
vital 26 
never 11 
width 10 10 21 21 28 28 29 29 35 35 55 55 65 65 
focus 2 
white 65 
music 59 
MappingResidencyResidency 54 
links 37 63 
boxes 30 30 36 
today 24 50 50 
state 20 33 36 
sbest 6 
times 48 48 
salso 29 
walks 17 
happy 12 
stime 11 
other 5 6 18 19 25 26 28 28 33 36 36 42 47 47 50 51 54 64 65 65 
items 1 2 3 4 5 6 7 8 16 17 18 19 20 23 55 
event 1 2 3 4 5 6 7 8 16 17 18 19 20 30 36 36 53 53 
ramps 36 
forth 33 
HomeHR 22 26 
tubes 8 
those 5 6 22 22 29 36 36 48 
lives 1 3 3 16 57 
touch 1 
WRITING 47 
waste 28 
rally 5 
years 3 19 
poems 2 
hover 1 2 3 4 5 6 7 8 16 17 18 19 20 65 
serve 64 
roles 16 
minor 4 
apply 22 53 
women 19 33 
using 18 30 36 36 54 
rural 2 
tough 48 48 
ACADEMIC 47 
doors 42 58 
Rusty 18 
smart 2 
forms 2 54 
money 48 
still 30 50 50 
pilot 30 
sites 28 
looks 17 
world 6 6 8 17 17 18 18 20 22 35 55 55 
menus 1 
first 0 1 2 3 4 4 5 6 6 7 8 14 15 16 17 17 18 19 20 32 33 37 53 59 62 
REQUEST 54 54 
lower 51 
solve 36 36 
issue 0 1 2 3 4 5 6 7 8 11 14 15 16 17 18 19 20 23 32 33 57 58 64 
DESTROY 54 
PERSONS 36 
point 24 28 42 42 
moves 6 22 35 
photo 1 2 3 4 5 6 7 8 12 16 17 18 19 20 
2015ArchivesNewsletterApril 59 
owner 34 34 
every 33 
rules 30 56 
towel 5 
write 4 
would 2 2 3 5 6 48 48 
upper 47 
fully 36 
split 7 
grown 42 
nurse 26 
known 22 31 
power 17 55 
group 5 36 48 
wrong 4 
court 1 19 
views 33 
quote 29 
lists 36 43 47 
visit 12 28 53 56 65 
jumps 11 
IXWalk 64 
worse 48 
rooms 47 
sixth 18 
style 65 65 
tools 36 
motor 36 
hours 28 47 53 53 54 58 59 
strip 51 65 
users 34 
knows 17 
units 42 
https 1 1 2 2 3 3 6 6 7 7 8 8 16 16 17 17 18 18 19 19 20 20 23 65 
WITHOUT 54 
CertificationNotification 54 
worth 33 
types 54 54 
works 36 
UPSign 30 
svery 29 
0dmain 24 
sjust 18 
study 8 42 48 48 
SubmissionSchedulingEvent 54 
McKeon 6 
IXNews 64 
tutor 47 
sorry 37 
story 20 20 35 35 
2014Case 31 31 
Felica 42 
2015Case 31 31 
Change 24 28 29 29 42 65 
Africa 1 1 
Engage 0 0 1 2 3 4 5 5 6 7 8 10 11 12 14 14 15 15 16 17 18 19 20 22 23 26 29 31 32 33 35 36 42 43 47 48 50 53 54 55 57 58 59 60 62 63 64 
HERITAGE 62 
MyMail 44 
Abroad 1 2 17 42 51 65 65 
Become 48 
MATCHING 47 
Gandhi 29 
Degree 51 65 
Office 5 5 11 11 20 20 24 24 25 25 28 28 29 30 30 32 34 35 35 36 36 42 42 44 47 48 50 51 51 53 53 54 54 55 57 57 58 59 60 60 62 63 63 64 64 65 65 
Leader 48 48 
Daniel 8 
SGrant 36 63 
EDUCAUSE 25 
sBlack 42 
Device 36 
Jeanne 31 
Global 8 8 24 24 42 51 51 
Clinic 36 36 
Fiscal 25 
Access 22 25 25 33 36 44 63 
Guided 12 
Career 1 1 3 3 6 6 51 
Reader 34 
UsMeet 22 
Create 6 
Legacy 54 
Basics 54 
CYoung 36 63 
PurduE 25 51 
Banner 54 54 
Engine 25 
Search 6 24 24 25 25 37 47 47 51 51 56 56 64 65 65 
Health 1 2 3 4 12 19 19 24 24 26 30 30 35 36 36 50 53 55 60 64 65 65 
Fields 51 51 
PLANNING 30 
Higher 25 51 51 
WState 65 
ececec 65 
Reduce 64 
Member 43 
Domain 34 34 
Speech 20 36 36 65 
Dining 2 
Closed 59 
Design 43 
Please 0 1 2 3 4 5 6 7 8 11 14 15 16 17 18 19 20 28 28 32 33 47 56 57 58 64 65 
Cookie 0 1 2 3 4 5 6 7 8 9 10 11 12 13 14 15 16 17 18 19 20 21 22 23 24 25 26 27 28 29 30 31 32 33 34 34 35 36 37 38 39 40 41 42 43 44 45 46 47 48 49 50 51 52 53 54 55 56 57 58 59 60 62 63 64 65 
aaarcc 58 
sBoard 56 
Social 43 43 51 51 
aBravo 30 
Ethnic 29 42 
Seeing 20 
Credit 2 16 
Marine 51 
Police 30 31 31 
Google 65 
Coming 48 
Boiler 19 19 47 47 48 48 
Impact 65 65 
dfdfdf 42 
Action 33 63 64 
Serena 24 28 
Blocks 8 
Factor 51 51 
Friday 36 54 58 
Seeker 6 
Public 0 1 2 3 4 5 6 7 8 10 11 12 14 15 16 17 18 19 20 25 25 30 30 31 32 33 35 36 36 37 42 51 51 53 55 60 63 64 65 
2010News 64 
Screen 64 64 
agenda 55 
Locker 43 
Digest 20 25 51 
Senate 20 23 56 
Lather 5 
Ethics 0 1 2 3 4 4 5 6 7 8 10 11 12 14 15 16 17 18 18 19 20 23 25 31 32 33 33 35 36 37 47 53 54 55 60 63 63 64 64 
2011News 64 
REQUIRED 54 
Recent 10 
Choose 6 
Repeat 5 
Center 0 1 2 3 3 4 4 5 6 6 7 8 10 11 12 12 14 15 16 17 18 18 19 19 20 22 23 24 24 25 26 26 29 29 31 32 33 35 36 36 37 42 42 47 47 48 48 51 51 53 55 57 57 58 58 59 59 60 60 62 62 63 63 64 65 65 
2012News 64 
Notice 64 
Awards 48 65 65 
Family 43 43 47 54 65 
Length 34 
Batter 31 31 
behalf 12 34 34 
Update 65 
Crimes 64 
2013News 64 
Repair 36 
iPhone 25 51 
Makers 22 24 24 
2014News 64 
Avenue 42 42 
ffffff 31 
Ticket 19 
Giving 3 3 7 59 60 65 
2015News 64 
Modern 51 
Highly 51 
needed 30 36 60 
Charts 25 30 
Online 1 17 20 24 34 43 51 
People 0 1 2 3 4 5 6 7 8 10 11 14 15 16 17 18 19 20 31 32 33 37 
Prices 43 
Rental 43 43 
aplace 42 48 50 
Estate 7 
change 3 19 20 29 42 47 55 
Alumni 0 0 1 2 3 3 4 5 6 7 8 10 11 12 14 14 15 15 16 17 18 19 20 22 23 26 29 31 32 32 33 33 35 36 36 37 37 42 43 47 48 50 51 51 53 54 54 55 57 58 59 60 62 63 64 65 65 
2008News 64 
Ithink 48 
belief 34 
Secure 34 34 
Shelby 31 
Native 4 18 29 42 42 58 59 62 62 65 
Latino 4 18 29 42 42 58 59 60 60 62 65 
2009News 64 
coffee 62 
Monday 36 54 58 
gained 8 
School 1 2 2 4 11 12 17 29 42 45 47 50 51 56 56 65 
denied 63 
Corner 62 
Voices 59 
manage 56 
Number 54 
Cognos 54 
United 24 36 63 
header 24 28 65 65 
Circus 16 
Living 0 1 2 3 4 5 6 7 8 10 11 12 14 15 16 17 18 19 20 22 22 23 24 24 25 26 26 31 32 33 35 36 37 53 55 57 57 60 64 
Campus 0 0 1 1 2 2 3 3 4 4 5 5 6 6 7 7 8 8 10 10 11 11 12 12 14 14 15 15 16 16 17 17 18 18 19 19 20 20 22 22 23 23 24 25 25 26 26 29 29 30 31 31 32 32 33 33 34 35 35 36 36 37 37 42 42 43 43 44 47 47 48 48 50 50 51 53 53 54 54 55 55 56 57 57 58 58 59 59 60 60 62 62 63 63 64 64 65 
myMail 0 1 2 3 4 5 6 7 8 10 11 12 14 15 16 17 18 19 20 22 23 25 26 29 31 32 33 35 36 37 42 43 47 48 50 53 54 55 57 58 59 60 62 63 64 65 
charge 47 47 54 
Anyone 36 
Videos 7 65 
Energy 5 7 
Martin 65 
Former 56 
Inform 53 
Alerts 43 43 
Indoor 43 
sEqual 33 
Across 20 24 25 28 
become 3 4 16 36 
Series 3 11 18 18 
mailed 54 54 
degree 42 54 
Thomas 42 
office 36 53 56 
alarge 30 
Pepper 20 20 
advice 4 
cancer 2 
Majors 2 2 16 16 17 24 65 65 
Safety 0 1 2 3 4 5 6 7 8 10 11 12 14 15 16 17 18 19 20 25 30 30 31 31 32 33 35 36 37 53 55 60 63 64 
aspace 47 
Kelsey 16 
leader 8 8 
Butler 65 
Travel 25 
Robert 18 36 
Nature 51 
earned 48 48 
Passes 43 43 
Lowell 42 
Trails 19 
middle 7 
Bursar 1 25 
Values 51 51 
Bryant 42 
aforce 42 
adelay 34 
accept 29 55 
Senior 25 31 36 
device 21 
Letter 11 55 
Policy 8 24 25 25 31 33 33 34 34 36 56 
Rights 47 54 54 63 
Toward 42 
Ernest 36 63 
Tennis 19 24 
Course 16 24 47 54 54 
global 8 42 55 58 
minded 4 
amodel 64 
Browse 56 
Bylaws 56 
afford 55 
Skills 36 
Sexual 31 31 63 64 
career 20 22 42 57 
helped 18 48 
Topics 10 
access 0 1 2 2 3 4 5 6 7 8 10 11 12 14 15 16 17 18 19 20 22 23 24 25 26 28 29 30 31 32 33 34 34 35 36 36 37 42 42 43 44 47 48 50 51 53 54 55 55 56 57 58 59 60 62 63 64 64 65 
Portal 0 1 2 3 4 5 6 7 8 10 11 12 12 14 15 16 17 18 19 20 22 22 23 25 26 26 29 31 32 33 35 36 37 42 43 47 48 50 51 53 54 55 56 57 57 58 59 60 62 63 64 65 
Sheetz 62 
OrganizationsAISESNASASACNASPartnershipsEiteljorg 62 
Spring 47 48 59 
Autism 36 
Follow 29 30 
Thumbs 23 23 
States 63 
IGPCalendarApplicationSloan 62 
12014Case 31 
Submit 23 23 
create 19 
biking 17 
Iwould 5 
Timely 0 1 2 3 4 5 6 7 8 10 11 14 15 16 17 18 19 20 31 31 32 33 37 
Donors 47 48 50 
regard 36 
gender 33 42 
phased 30 
Events 3 3 10 10 19 23 23 29 31 43 43 53 57 58 59 60 62 
aheart 1 
Purdue 0 0 1 1 2 2 3 3 4 4 5 5 6 6 7 7 8 8 9 10 10 11 11 12 12 13 14 14 15 15 16 16 17 17 18 18 19 19 20 20 22 22 23 23 24 24 25 25 26 26 28 28 29 29 30 30 31 31 32 32 33 33 34 34 35 35 36 36 37 37 42 42 43 43 44 44 47 47 48 48 50 50 51 51 53 53 54 54 55 55 56 56 57 57 58 58 59 59 60 60 62 62 63 63 64 64 65 65 
Steely 62 
grades 48 54 
search 37 
funded 7 
health 2 2 26 26 30 36 36 42 
banner 1 2 3 4 5 6 7 8 16 17 18 19 20 29 53 64 
images 1 1 2 2 3 3 4 4 5 5 6 6 7 7 8 8 10 10 11 12 16 16 17 17 18 18 19 19 20 20 22 22 23 26 26 29 35 35 53 55 55 57 58 59 60 62 63 63 64 64 
Street 36 42 42 47 47 48 48 50 50 62 65 
linked 32 48 
42014Case 31 
making 28 36 54 
shared 20 
themed 19 
higher 12 55 55 64 
Vision 54 64 65 
sfocal 42 
locate 34 
domain 34 
52014Case 31 
42015Case 31 
mobile 30 
Minors 16 17 64 65 
speech 11 
salads 10 
breaks 7 
acivil 6 
member 4 30 33 36 47 47 
places 2 48 
choral 59 
easier 48 
Wesley 42 
REGISTRY 36 
claims 34 
62014Case 31 
Stokes 29 42 42 58 59 62 
August 26 30 31 31 
Summer 17 21 53 58 59 
absorb 10 
joined 7 19 
height 7 10 10 28 51 51 65 65 
detect 2 
Honors 2 4 17 50 50 53 65 
dining 1 
signed 54 54 
asmall 47 
STUDENTS 44 
abirth 36 
ahuman 36 
hazard 30 31 
please 12 22 24 25 25 26 28 28 29 30 31 34 34 35 36 36 37 42 43 44 47 47 48 50 51 53 55 56 59 60 62 63 65 
Future 65 
income 55 
credit 54 54 
opened 42 58 
direct 37 
82014Case 31 
Taylor 20 20 
fibers 8 
gather 5 42 
adrive 5 
social 4 22 42 42 
HORIZONS 47 
TUTORING 47 47 
remain 42 58 
92014Case 31 
police 30 31 31 
Report 29 51 51 58 62 
intake 28 28 
ribbon 26 
Tweets 11 29 53 53 55 60 
battle 8 
second 4 
active 4 
obtain 54 
having 47 
Strong 31 31 
Photos 25 25 50 50 
casino 6 
tribal 42 62 
action 28 28 29 33 
impact 20 22 
taking 17 
margin 10 10 24 28 28 53 53 59 59 65 65 
border 10 10 21 22 22 24 26 26 35 35 42 55 55 63 63 64 64 
record 54 
aTutor 47 
sLouis 42 
seeker 22 
played 19 
annual 11 
inline 10 10 28 28 
public 5 30 30 36 
expand 55 
Turner 53 
Groups 43 
Courts 42 62 
bright 30 
ethics 28 63 63 64 64 
Stores 25 
acolor 24 24 65 65 
awhole 20 
screen 10 21 35 35 55 55 
awidth 65 
beyond 57 60 
recent 54 
either 36 54 
manner 34 
mental 30 36 
choose 28 
center 7 10 16 26 26 29 29 30 30 42 42 59 59 
Equity 4 36 36 63 64 65 
single 65 65 
awards 19 53 53 
family 3 36 42 59 65 65 
retain 48 
cannot 32 54 
makers 22 
hockey 17 20 
wanted 6 
builds 6 
viewed 34 
shapes 8 
giving 5 
brings 59 
highly 53 
listed 30 34 47 
System 25 25 36 63 
offers 4 36 36 
reward 3 
people 1 3 5 5 7 17 30 36 62 
online 0 1 2 3 4 5 6 7 8 11 12 12 14 15 16 17 18 19 20 30 32 33 35 36 37 47 54 54 55 
hrcomm 57 
rather 28 
effort 18 
enough 4 
better 3 4 5 10 17 48 63 
alumni 3 3 60 60 
hosted 42 
target 35 
entire 3 12 42 60 
origin 33 36 
modify 31 
driven 17 
weight 7 65 65 
saving 7 
reason 6 20 
talent 3 8 57 
closer 1 
school 1 5 17 19 20 42 
sready 1 
normal 65 65 
arrive 62 
format 54 54 
number 34 42 47 54 
apilot 30 
commit 29 
nation 20 
living 19 
during 16 20 36 47 53 54 
served 16 
circus 16 
common 12 
campus 4 12 12 18 28 29 30 30 31 33 36 36 42 42 44 47 47 53 53 58 59 59 60 63 
really 3 8 
around 1 5 23 25 25 36 47 
energy 7 7 
simple 3 
former 54 
saying 48 
FIREwww 30 
alerts 30 
lights 30 
suffer 28 
series 23 42 
cruise 23 
sthere 19 
shells 18 
levels 17 47 55 
reform 17 
across 1 7 47 
Sports 1 2 3 6 19 19 20 24 24 43 43 
safety 30 30 
majors 16 
adults 36 
crisis 36 36 
botany 8 
things 1 6 12 
column 65 65 
assume 32 
should 54 
posted 54 
orders 33 
grants 19 
ground 7 
mother 1 
answer 55 
values 33 60 65 
policy 23 33 34 
letter 10 11 65 65 
senior 3 
weekly 48 48 
resume 42 
permit 34 54 
OfficeE 34 
rights 32 33 34 
govern 30 
rivals 20 
toward 16 20 
square 7 
sbooks 4 
always 3 6 
course 1 18 20 47 47 48 48 54 
skills 60 
bylaws 56 
portal 44 
limits 36 
allows 36 65 
sexual 33 36 42 63 63 
review 11 36 
plants 8 8 
foster 63 
within 54 58 59 62 
author 32 
follow 30 
assets 28 65 
treats 26 33 
wishes 19 19 
dozens 2 
submit 47 54 54 
comply 34 34 36 64 
thessm 24 28 
urgent 36 
bottom 10 10 22 22 26 26 35 35 55 55 64 64 65 65 
mentor 3 
others 3 19 47 
events 1 1 2 2 3 3 4 4 5 5 6 6 7 7 8 8 16 16 17 17 18 18 19 19 20 20 23 25 42 42 51 53 53 58 65 
purdue 0 0 1 1 2 2 3 3 4 4 5 5 6 6 7 7 8 8 9 10 10 11 11 12 12 13 14 14 15 15 16 16 17 17 18 18 19 19 20 20 21 22 22 23 23 24 24 25 25 26 26 27 28 28 29 29 30 30 31 31 32 32 33 33 34 34 35 35 36 36 37 37 38 39 40 41 42 42 43 43 44 44 45 46 47 47 48 48 49 50 50 51 51 52 53 53 54 54 55 55 56 56 57 57 58 58 59 59 60 60 62 62 63 63 64 64 65 65 
assist 36 36 47 53 
cotton 8 
person 3 33 34 54 54 63 
stroke 36 
solely 33 34 
mutual 33 
proper 30 
serves 28 42 56 56 60 60 
enjoys 1 
losses 64 
invest 55 
notify 34 36 
summer 30 42 54 
option 28 
honors 23 
months 3 
9Forbes 51 
proven 12 55 
growth 42 55 55 59 60 
custom 24 28 
future 6 16 55 
movers 36 
yellow 30 
report 28 28 30 31 
button 25 51 56 65 
issues 23 29 42 
points 36 
strive 33 65 
GUARDIANS 54 
owners 34 
towels 5 
atutor 47 47 
result 34 
EMERGENCY 30 31 31 
return 54 
groups 36 65 
equity 36 36 
injury 20 
StudentsSchedulingMyPurdue 54 
status 33 33 36 36 54 
stress 26 
pursue 3 
PlanmyPurduePlanCurriculum 54 
system 34 54 54 
sports 19 
WebCert 30 
LRingel 18 
Alleged 34 34 
tutors 47 
America 51 
Federal 63 
aCareer 6 
Finance 51 
African 42 42 59 
Indiana 0 5 7 14 15 16 20 24 25 25 28 28 36 36 42 42 51 56 56 
Achieve 43 
6405Email 30 
5830Email 63 
Deficit 36 
7504Email 30 
AreaVPHR 57 
EHPSHome 30 
aSpeech 29 36 42 
Channel 25 51 
Sidebar 65 
Ignacio 42 
Science 4 29 36 42 42 47 47 48 50 51 51 58 59 62 65 65 
Alaskan 42 
Beacons 30 
RESOURCES 22 26 44 47 
Liberal 4 50 
College 2 4 17 25 25 28 47 47 50 50 51 53 53 65 65 
Bicycle 1 24 
Teacher 36 
Acrobat 34 
Affairs 6 8 17 24 24 25 25 54 
aSecond 47 
TeamOur 22 
Waddell 3 
7465Email 56 
Hearing 36 65 
Digital 34 
Lesbian 29 42 42 58 59 62 
Capital 16 36 
Disease 3 
General 3 6 23 
Loading 0 1 2 3 4 5 6 7 8 10 11 12 14 15 16 17 18 19 20 22 23 26 29 30 31 32 33 35 36 37 37 42 43 53 54 55 57 58 59 60 62 63 64 
Ireland 53 
sOffice 24 24 25 
Chinese 18 
Offices 4 17 20 25 
Buddies 36 
Vehicle 31 31 
Audited 20 
Leaders 17 58 
Daniels 11 30 
Webmail 51 56 
Massage 43 
Special 30 43 43 
Mailing 25 
2114Phone 63 
Archive 23 23 64 64 
Planned 3 
titleIX 63 
UsAbout 59 
Cameron 56 
sAccess 54 
Founded 42 
Careers 0 0 1 2 3 4 5 6 6 7 7 8 10 11 12 14 14 15 15 16 17 18 19 20 22 22 23 26 26 29 31 32 33 35 36 37 42 43 47 48 50 53 54 55 57 57 58 59 60 62 63 64 65 65 
Address 25 
Against 28 
Failure 34 
Aquatic 24 
Fishing 19 
Meeting 56 56 
OnlyFor 54 
Central 20 25 25 28 54 64 
Greater 59 
Connect 57 
Initial 54 
STruman 53 
Ranking 51 51 
English 47 47 51 
Shaping 8 
changed 3 20 20 
Members 34 
Calumet 20 25 25 28 54 
Speaker 18 
Friends 12 22 35 36 36 37 37 54 55 57 58 59 60 62 62 
enabled 8 
Funding 7 8 16 29 42 
engaged 7 
Brauker 62 
Scholar 53 53 
Curbelo 42 
Feature 36 
Iwanted 19 
Parking 12 36 43 43 
Welcome 12 12 22 25 26 28 35 36 44 47 48 53 56 56 58 59 60 64 
Contact 10 12 24 24 25 36 43 43 47 48 51 56 56 58 59 59 65 65 
Hazards 36 
YouTube 25 47 48 50 51 65 
Council 24 25 60 65 
Theatre 18 
adegree 6 
alleged 34 
October 31 31 56 56 
Classes 24 47 
Musical 18 
Seminar 42 
claimed 34 
Heathly 22 57 
medical 16 20 26 36 
Lincoln 8 
Healthy 0 1 2 3 4 5 6 7 8 10 11 12 14 15 16 17 18 19 20 22 23 24 24 25 26 26 31 32 33 35 36 37 53 55 57 57 60 64 
Shining 65 
Retiree 43 
Boilers 36 
Subject 34 51 51 
handled 28 54 
Conduct 24 
Weather 23 
Gallery 18 18 59 65 65 
Manuals 64 
emailed 54 
Aurelio 42 
Ongoing 23 
Awesome 18 
Service 6 10 23 23 25 25 36 36 43 47 51 56 63 65 
Allison 53 
Largest 51 51 
enhance 42 55 60 60 64 64 
Gateway 25 
Records 25 25 
advance 7 55 
aResume 6 
Comment 43 
federal 31 33 36 63 63 
DPEPhone 30 
Hotline 28 28 
Website 24 24 42 42 
Segment 5 
acareer 3 
VOLUNTARY 36 
aThumbs 23 
leading 17 
Lecture 3 11 18 18 
Centers 1 2 4 8 8 18 29 42 42 58 59 62 
Overall 51 51 60 
achieve 35 
Robbery 31 31 
Premise 26 
Library 25 59 
Figures 24 
Biology 3 47 48 
Rollock 63 65 
Spanish 47 
Respect 47 
Display 31 31 
Warning 31 31 
aPurdue 1 22 22 36 55 
Natural 51 51 
Stadium 42 
Smalley 36 
Started 35 
Ridgway 30 
padding 24 28 31 42 53 53 55 59 59 65 65 
Whether 19 
Letting 5 
Project 5 
Tickets 3 24 
delayed 54 
awarded 54 
Carolyn 42 
dialing 36 
Interim 34 42 
Complex 24 
because 12 22 24 25 26 28 29 30 31 34 35 36 37 42 43 44 47 48 50 51 53 55 56 59 60 62 63 65 
Program 8 20 24 25 29 34 36 36 42 42 47 47 51 51 62 65 
created 1 36 42 
Faculty 0 1 2 3 4 5 6 7 7 8 10 11 12 14 15 16 17 18 19 20 20 22 23 23 24 24 25 26 29 31 32 33 35 36 37 42 42 43 43 47 48 48 50 51 51 53 53 54 54 55 57 57 58 59 60 62 63 64 64 65 65 
UsHours 59 
Busines 51 
Rentals 43 
ADDITIONAL 36 
changes 36 
OurWork 35 
afriend 3 
Success 1 47 47 48 48 50 50 65 
sidebar 65 65 
ethical 64 
sNative 62 
Natives 42 
engages 42 
Latinos 42 60 
needing 36 
Desktop 30 
illegal 28 
science 16 22 36 42 42 
January 11 11 31 31 42 58 
defense 8 34 
breadth 8 
IGPAbout 62 
Journal 51 51 
average 48 
educate 42 60 
offered 36 47 
Content 34 
Battery 31 31 
beacons 30 30 
manager 22 
college 16 
Schools 2 4 4 17 24 42 
scanned 54 
grading 54 
FERPAFERPA 54 
succeed 47 48 
Fellows 42 
believe 34 
replace 28 
manages 26 
Fitness 19 24 24 43 43 
located 12 36 36 
Hilltop 3 
Kulczar 1 
Outside 64 
aactive 51 
asecond 47 
staffed 47 
Parents 47 48 54 59 
Therapy 43 
gaining 36 
benefit 36 
charges 34 
MANAGEMENT 31 
Assault 31 31 64 
Growing 20 
combine 1 18 
Housing 1 2 6 24 24 36 36 
Trouble 0 1 2 3 4 5 6 7 8 11 14 15 16 17 18 19 20 32 33 57 58 64 
Privacy 54 
Testing 47 48 
hearing 36 36 
general 23 30 36 
ChartHRS 57 
Patents 51 
Nightly 47 
Johnson 42 
climate 42 
genetic 33 
Promise 26 47 47 48 
Process 25 28 64 
finding 12 47 
Explore 6 
Shirley 62 
effects 36 
Society 25 
Players 17 
leaders 7 
bridges 6 
Through 55 57 60 
Studies 50 51 51 62 65 
special 36 54 54 
mailing 34 36 
ascreen 30 
usHuman 26 
Control 25 
Running 19 
Vendors 5 
related 0 1 2 2 3 4 5 6 7 8 11 12 14 15 16 17 18 19 20 32 33 33 36 36 57 58 64 
banner39 62 
Mission 43 54 56 64 65 
alcohol 30 36 
Grounds 25 
blessed 19 
already 19 
juggled 16 
atoggle 65 65 
Thought 59 
Physics 47 48 51 51 
receive 30 34 36 53 65 
Payroll 25 25 43 
Current 0 0 1 1 2 3 4 5 6 7 8 10 11 12 14 14 15 15 16 17 18 19 20 22 23 23 26 29 31 32 33 35 36 37 42 43 47 48 50 53 54 54 55 56 57 58 59 60 62 63 64 65 
include 30 34 34 36 47 54 54 
globals 28 28 65 
earning 19 
Courses 19 
Culture 18 36 37 58 65 
Writing 1 8 17 24 25 44 47 51 56 65 
Minutes 56 56 
dynamic 42 58 
clinics 36 
message 30 30 
biggest 20 
granted 11 19 
spacing 10 65 65 
careers 6 6 36 42 
Nursing 65 
Promote 64 64 
ahighly 55 
grantee 53 
awealth 42 59 
details 36 53 53 59 
address 34 54 
updated 51 
Toolbox 47 48 50 
guiding 42 
locking 30 
trained 28 30 
bptcweb 25 25 
athlete 19 
against 8 8 28 33 
helping 7 8 19 36 60 
creates 6 
Foundry 5 7 7 
Student 1 1 2 2 6 6 7 10 16 17 18 19 19 24 24 25 36 36 42 42 47 47 48 48 50 50 53 54 54 56 56 60 60 64 65 65 
Mentors 65 
Monitor 51 
aquatic 36 
limited 2 36 54 
banners 29 53 
perfect 19 
Quality 8 57 
Request 3 11 25 25 36 36 47 
Artwork 62 
Century 47 48 
Russell 42 
element 42 59 
Stewart 42 58 
initial 36 
marital 33 36 
sidenav 32 33 
cshelby 30 
talking 28 
clarify 25 
Servers 25 
Network 24 29 42 42 53 
acampus 16 
between 7 26 47 
connect 6 47 47 
MediaConferencesInternships 62 
Monthly 51 
funding 36 
friends 36 60 
members 29 33 33 34 36 42 42 56 63 63 64 
asimple 28 
deliver 12 55 
Experts 10 10 
Trustee 56 
contain 54 54 
clearly 36 
pricing 36 
highest 12 55 64 
Options 7 28 
adoctor 2 16 20 
feature 1 2 3 4 5 6 7 8 16 17 18 19 20 30 
contact 0 1 2 3 4 5 6 7 8 10 11 12 14 15 16 17 18 19 20 22 23 24 25 26 28 28 29 30 31 32 33 34 34 35 36 36 37 42 42 43 44 47 48 50 51 53 53 54 55 56 57 58 59 60 62 63 64 65 
Tuition 0 1 2 2 3 4 5 6 7 8 10 11 12 14 15 16 17 18 19 20 31 32 33 35 36 37 53 54 55 60 64 
raising 48 
asafety 31 
account 30 30 
Outlook 0 1 2 3 4 5 6 7 8 10 11 12 14 15 16 17 18 19 20 22 23 25 26 29 31 32 33 35 36 37 42 43 44 47 48 50 53 54 55 57 58 59 60 62 63 64 65 
applies 63 
joining 58 
pmargin 53 53 59 
ASSISTANCE 36 
ability 19 30 
classes 18 
caption 10 10 24 24 
folders 65 
develop 33 42 60 
inbound 30 
remains 28 
Reports 28 28 51 54 56 56 
prepare 17 
retired 16 
lighter 7 
indexes 54 
allergy 36 
conduct 28 33 53 56 
subject 17 34 34 47 47 63 
Visitor 12 12 36 
LivingCompensationDevelopmentDiversityEmployee 57 
explain 54 
ongoing 26 
profile 22 
amoment 16 
dollars 5 
service 4 36 36 
measure 55 
acourse 47 47 
matured 42 
asource 42 58 
clients 36 
correct 36 
factors 36 
several 30 47 
diverse 29 
History 20 20 24 51 
records 19 53 54 54 
mallets 17 
getting 12 48 
produce 8 
studied 8 
Tourism 65 
thereby 55 
implies 55 
looking 12 37 47 47 
Twitter 11 25 29 30 30 47 48 50 51 55 60 
Startup 7 
aspects 2 
website 1 12 36 44 63 
harness 55 
lecture 42 
violate 34 
tier1Lab 26 
playing 18 
million 7 7 
centers 4 18 47 
library 59 
veteran 36 
notices 34 
biology 17 17 
alawyer 16 
forward 6 11 17 22 25 35 57 
section 1 36 
printed 54 54 
respect 33 42 65 
brother 20 
powered 12 47 48 50 
display 0 1 2 3 4 5 6 7 8 10 10 14 15 16 17 18 19 20 21 24 24 28 28 30 30 32 32 33 33 37 51 51 65 
started 35 
cfusion 34 34 45 
install 30 
company 28 
project 5 7 7 19 
shelter 5 
aunique 36 
dignity 33 
Systems 25 25 
faculty 18 23 23 24 36 36 42 42 47 47 53 53 57 60 63 63 65 
complex 8 
program 1 17 19 28 30 30 33 36 36 63 64 
success 55 59 
efforts 36 60 
insects 8 8 
provide 5 11 31 60 
desktop 30 
inspire 18 
toughen 8 8 
talents 57 
tforget 47 
respond 47 
couples 36 
JSESSIONID 34 
content 21 21 28 32 34 53 53 56 59 59 65 65 
brought 18 
private 7 7 47 47 
nations 62 
formats 54 
minimum 51 
scampus 47 
expects 34 
picture 20 
require 53 54 
therapy 36 36 
parents 30 63 
knowing 26 
bottles 20 
passion 18 
Provost 17 20 24 24 25 
Support 17 25 43 43 47 47 48 48 50 54 54 59 63 65 
housing 16 
trouble 12 22 24 25 26 28 29 30 31 34 35 36 37 42 43 44 47 47 48 50 51 53 55 56 59 60 62 63 65 
drought 8 8 
queries 47 
doctors 20 26 
setting 19 
serving 6 60 
recruit 6 42 
process 53 54 
empower 17 
staying 11 
patents 11 
explore 8 12 53 
resolve 55 
however 28 
players 17 19 
protect 63 
present 54 
removes 24 28 
knitter 4 4 
through 3 20 33 34 36 36 42 42 53 54 59 60 60 
working 1 12 36 
mission 20 53 60 64 
quickly 8 
improve 1 8 25 48 57 
titleix 63 63 
texting 30 
answers 12 
current 1 47 
culture 60 60 
session 48 48 
courses 47 47 48 48 54 
primary 42 
sources 32 
variety 30 
writing 4 34 47 47 53 59 
ensures 64 
47907Phone 56 58 
alumnus 54 
reviews 53 
strikes 36 
Feedback 12 24 28 35 51 56 65 
EDaniels 11 11 
PageCore 54 
promote 36 59 60 
fosters 33 59 
version 19 36 
REQUESTING 36 
PROTECTION 30 
suspect 28 
sustain 6 
student 1 2 16 16 19 36 36 42 53 54 54 55 59 59 60 
Academic 1 17 17 24 24 25 42 47 47 48 48 50 51 51 54 54 
monitor 32 
sevents 23 
symbols 54 
quality 42 
request 30 36 36 54 54 
various 2 47 47 
persons 33 33 36 36 
streets 23 62 
monthly 36 
windows 30 
options 28 54 
trustee 16 
written 2 36 54 
sensors 2 
customs 60 
purpose 47 47 63 
REGULATORY 30 
strives 60 60 
sstrong 16 
perjury 34 
OFFICEwww 30 
history 42 59 60 62 
spouses 36 
results 8 
ListAdvisorsAdvisorsAdvisor 54 
sensory 36 
twitter 29 30 30 
without 36 
Database 47 48 50 
nurture 33 
Chemical 51 
TeamJoin 35 
December 31 31 56 56 
systems 36 54 
ourwork 35 
Alliance 29 42 42 58 59 62 
ExpoMake 29 42 
Facebook 25 47 47 48 50 50 51 65 
Calendar 0 1 2 3 4 5 6 6 7 8 10 11 14 15 16 17 17 18 19 20 31 32 33 37 44 47 48 50 59 60 
Coaching 42 
GHeitert 36 
pursuit 33 
Official 54 54 
support 3 7 26 36 36 42 42 47 47 58 62 64 65 
Medicine 1 4 51 51 
Changing 55 
Campbell 42 
American 4 18 18 25 29 29 36 42 42 58 58 59 59 62 62 65 
POLICEwww 30 
Hawaiian 42 
Center1100 59 
Chairman 56 
Teaching 51 
Shanghai 51 51 
Breaking 29 42 
Language 36 36 47 51 51 65 
Climbing 43 43 
LFerullo 34 
Handling 34 
feedback 30 
Americas 25 
Handbook 25 
2million 6 
Nebraska 8 
academic 2 17 30 33 36 36 42 47 47 53 54 55 65 
aTourSee 12 
Heritage 62 
Children 59 
Ahasteen 42 
Selected 11 
Advocacy 63 
Families 47 48 
Schleman 42 
ENGINEERING 30 
Practice 24 
Distance 17 24 24 
Matching 3 47 47 
Coverage 55 
Admitted 16 16 65 
SPECIALIZED 47 
Schedule 5 12 24 48 48 56 56 
Sciences 4 20 36 47 50 51 51 65 65 
Graduate 1 2 2 4 8 16 16 17 24 24 45 47 51 51 56 65 65 
Research 0 0 1 1 2 3 4 5 5 6 7 7 8 8 10 10 11 12 14 14 15 15 16 17 18 19 20 20 22 23 23 24 24 25 26 29 31 32 32 33 33 34 35 36 36 37 37 42 43 47 48 50 51 51 53 54 55 57 58 59 60 62 63 64 65 
Guide40th 63 
Adaptive 36 
XPowered 34 45 
Searches 25 
Catalogs 24 
Building 6 8 42 42 47 
Athletic 3 19 24 43 
Colleges 2 17 24 51 51 
Featured 10 10 
Benefits 3 6 22 24 24 25 26 57 
Learning 2 17 17 24 24 36 50 50 65 
Newsfeed 53 
SAFETYwww 31 
Officers 25 25 56 
Regional 5 20 
Mitchell 11 11 
blackbar 0 1 2 3 4 5 6 7 8 14 15 16 17 18 19 20 32 33 37 
sDreamer 65 
Creative 25 
Criteria 2 
aComment 43 
ercRobin 30 
Freshman 2 
Archives 64 
Violence 63 
Pharmacy 50 51 
Facility 43 43 
aleading 18 
Advising 17 65 
BIENVENIDOS 42 
National 25 42 51 51 53 53 58 
Memorial 12 42 56 56 58 
Licenses 7 
aCSAClery 64 
Earnings 51 51 
Planning 25 30 30 36 36 64 
Juggling 19 
NRussell 60 
sMessage 56 
Download 24 47 
Policies 22 24 24 25 25 26 34 34 43 43 57 63 
Messages 11 
Neoteric 4 
2015Sexual 31 
calendar 10 10 42 
Concerns 36 36 
Nominate 30 
Aquatics 19 43 43 
Outreach 10 
Stannard 5 
Laughter 62 
Meetings 56 56 
Disorder 36 36 
Director 31 34 36 36 42 42 
detailed 28 
Training 25 25 34 43 54 
checking 12 
Bulkeley 65 
Stalking 31 31 
Bisexual 29 42 42 58 59 62 
eligible 26 36 
Internal 25 28 28 
official 23 32 32 54 54 
Rankings 2 20 24 24 51 51 
Physical 0 1 2 3 4 5 6 7 8 10 11 12 14 15 16 17 18 19 20 22 23 25 25 26 29 31 32 33 35 36 36 37 42 43 44 47 48 50 53 54 55 57 58 59 60 62 63 64 
Inspired 65 65 
BCCbanner 59 
November 31 31 
remPhone 30 
Adoption 5 54 
medicine 1 
audience 1 1 2 2 3 3 4 4 5 5 6 6 7 7 8 8 16 16 17 17 18 18 19 19 20 20 35 
mEastern 54 
educated 36 42 
Contacts 30 31 50 54 
Features 23 
Discover 18 
changing 8 42 58 
Scholars 1 4 17 47 48 65 
aclimate 64 
engaging 34 
February 31 31 53 56 
campbell 10 
Employee 0 1 2 3 4 5 6 7 8 10 11 12 14 15 16 17 18 19 20 22 22 23 25 25 26 26 29 31 32 33 35 36 36 37 42 43 44 47 48 50 53 54 55 56 57 57 58 59 60 62 63 64 64 
indicate 54 
Victoria 42 
Campuses 20 
reaching 5 
aspecial 54 
Together 35 35 
HttpOnly 34 34 
Reprisal 28 
managing 28 
sForum2013 11 
designed 36 42 
exchange 33 
Retirees 24 24 
teaching 18 18 
Openings 6 64 
Personal 43 
Analysis 25 
Profiles 23 23 50 50 
becoming 20 
language 18 36 36 47 
Fountain 18 
Applying 16 54 
clicking 11 
Services 1 5 7 12 22 25 25 26 30 34 35 36 36 42 43 43 47 47 48 53 54 55 57 60 63 64 65 
handling 54 
Reported 31 31 
familiar 29 
Register 26 
Division 22 26 29 43 57 58 59 62 62 65 65 
Platform 19 
cheering 19 
Krannert 18 50 56 56 
Transfer 2 7 16 16 54 65 
enforced 63 
INFORMATION 54 54 
Comments 43 
Harrison 42 62 
obtained 36 
specific 33 47 63 
sHotline 28 28 
Assisant 25 
PurdueLCC 60 
Politics 51 
received 20 
Trainers 43 
Veterans 36 47 48 
atrained 36 
accurate 34 
Burglary 31 31 
Resource 4 18 18 25 29 29 34 36 36 42 42 47 47 48 58 58 59 59 62 62 63 65 
heritage 42 59 
alimited 36 
Internet 36 
attended 30 48 
aclarion 29 
aconcern 28 
Resouces 22 
children 4 19 36 36 
Warnings 0 1 2 3 4 5 6 7 8 10 11 14 15 16 17 18 19 20 31 31 32 33 37 
Forester 53 
advocacy 42 60 
Projects 36 
melanoma 1 
families 1 
Printing 25 
Movement 20 
critical 17 
sFaculty 11 
Programs 1 8 17 18 19 19 24 24 42 43 43 47 47 48 48 50 51 51 58 65 65 
Consumer 47 65 
Operator 36 
channels 35 
addition 34 
Acronyms 25 
coverage 23 
Business 5 5 25 25 36 37 51 51 65 
Ithought 3 3 
Cultural 1 2 4 4 18 18 29 29 42 42 58 58 59 59 60 60 62 62 65 65 
FAQsEvent 54 
Activity 36 50 50 
mandates 36 
schedule 36 47 47 53 
Listings 24 24 
Visiting 24 65 
research 7 7 8 8 23 30 36 42 55 56 56 
engineer 6 
creating 4 
graduate 1 17 17 42 47 
Wellness 1 19 43 43 
excluded 63 
StaffNAECC 62 
uploaded 54 
assigned 36 
building 36 
hardware 36 
remedies 33 
incident 30 36 
bicycles 17 
amistake 48 
Computer 48 48 51 51 
acaption 35 35 55 55 
criminal 34 
material 34 34 48 
referred 33 
believes 33 
remember 28 
Partners 5 43 
featured 56 
offering 42 59 
learning 29 36 42 48 59 
behavior 28 64 
combines 17 
speeches 11 
benefits 5 23 24 48 57 63 
headsets 36 
standard 34 
enriches 33 
activate 30 
graphics 28 28 65 
diseases 2 
Tuesdays 53 53 
infringe 34 
Momentum 22 24 24 
Governor 11 
expected 7 
Reporter 63 
creative 59 
Spectrum 36 
hardship 19 
operated 63 
informed 53 
acomment 50 
tailored 30 
suffered 20 
Supplier 5 25 
Knitters 4 
freshman 3 5 
violence 63 63 
Portrait 54 
enrolled 54 54 
Supplies 25 
Trujillo 17 
tRunning 11 
facility 7 7 
weekends 59 
aveteran 33 
national 33 36 42 53 
Schwartz 24 
pipeline 11 
Sessions 53 
consider 47 47 
planning 36 
aprinted 36 
educator 36 
Sorenson 36 
includes 36 36 
parental 33 36 
avibrant 18 42 59 
noGutter 53 59 
informal 48 
anatural 36 
messages 30 30 31 
policies 28 34 36 36 64 64 
Security 25 25 31 34 64 64 
aproject 6 7 
grantees 53 
avisited 51 
highrisk 45 
afaculty 42 
religion 33 36 
complete 28 54 
Yourself 26 
location 25 42 56 56 
Courtney 19 19 
ordering 54 54 
choosing 30 
athletes 19 
vertical 10 
Students 0 0 1 1 2 2 3 3 4 4 5 5 6 6 7 7 8 8 10 10 11 11 12 12 14 14 15 15 16 16 17 17 18 18 19 19 20 20 22 22 23 23 26 26 29 29 31 31 32 32 33 33 35 35 36 36 37 37 42 42 43 43 47 47 48 48 50 50 51 51 53 53 54 54 55 55 57 57 58 58 59 59 60 60 62 62 63 63 64 64 65 65 
failures 64 
exciting 42 42 58 
outreach 36 
Minority 29 42 42 47 58 59 62 
concerns 28 36 
aviation 7 
myPurdue 0 1 1 2 3 4 5 6 7 8 10 11 12 14 15 16 17 18 19 20 22 23 26 29 31 32 33 35 36 37 42 43 44 47 48 50 51 53 54 54 55 56 57 58 59 60 62 63 64 65 
relative 65 65 
scentral 56 56 
Requests 54 
Statuses 54 
meetings 53 
Horizons 47 48 
training 30 30 36 36 42 42 
identify 28 36 36 
Tutoring 17 47 47 48 
sfocused 2 
holidays 54 
vaschirm 53 
inherent 33 
internal 32 
provided 28 54 54 
physical 26 36 36 
envelope 54 
Forestry 51 
mentored 42 
inspired 20 
agrowing 17 
focusing 7 
apassion 1 
absolute 65 
rathomas 59 
steadily 55 
disaster 36 
contacts 36 
document 27 38 39 40 41 49 52 
CareersHR 26 
Treasury 25 
features 23 
scholars 18 42 53 
organize 18 
discover 12 
greatest 3 55 
Trustees 3 20 23 25 56 56 
pictured 56 
directly 54 54 
reserved 32 
employee 23 57 57 
theatres 18 
homeless 5 5 
convenes 42 
possible 36 
required 36 54 56 
Purposes 34 
relevant 33 54 59 
fulfills 20 
actively 7 
campuses 7 
seminars 59 
INSTRUCTION 48 
sweeping 42 
upcoming 36 53 
ceremony 7 
Industry 5 
together 4 42 59 
anything 2 
operates 36 
amission 36 
external 28 32 
problems 36 36 
personal 30 33 59 
services 26 28 33 36 36 42 42 47 47 59 64 
applying 2 
aculture 60 64 
measures 55 55 
historic 54 
produces 54 
transfer 54 
approval 36 
entities 32 
avariety 32 35 42 47 
asession 30 
continue 30 
sHistory 20 
platform 19 
ultimate 4 
segments 48 
handouts 47 
swebsite 36 
comments 34 
thousand 30 
recently 16 
improved 8 48 
overseen 36 
rheitert 36 
DoFAQsPortfolioResourcesBrand 35 
involved 6 33 
activist 4 
semester 47 47 
veterans 33 
resource 30 36 47 47 
knitting 4 
astudent 1 4 42 48 56 
returned 36 
injuries 36 36 
ancestry 33 36 
insights 8 
arequest 54 
evolving 42 58 
identity 33 42 
RADIOLOGICAL 30 31 
shelters 5 5 
ensuring 55 64 
existing 28 36 
software 12 36 47 
newstile 10 10 
programs 2 4 17 22 30 33 36 36 42 42 47 59 60 63 63 
multiple 65 
ssuccess 57 
oversees 36 36 
provides 12 23 26 33 36 36 42 42 56 58 63 
starting 7 
business 5 26 36 42 54 54 64 
cultural 4 18 42 42 59 60 65 
visiting 36 
activity 26 33 63 
everyone 11 
contents 32 
commonly 31 
interest 1 23 
reserves 34 
response 8 36 48 48 
computer 2 30 36 59 
slightly 59 
requires 34 54 
outbound 30 
empowers 36 
AreaHuman 22 26 
throwing 5 
positive 42 
stronger 55 
atwitter 30 
powerful 18 
controls 8 
proteins 8 
portrait 54 
position 7 10 29 29 59 60 65 65 
thoughts 11 
sporting 7 
swriting 47 
cultures 42 42 65 
sessions 30 30 47 48 48 53 53 
studying 5 
question 33 48 
security 30 30 
GuideMeet 60 
promotes 33 33 
yourself 4 4 18 20 
rigorous 17 
students 1 3 4 6 6 7 17 17 18 18 36 36 42 42 47 47 48 48 50 53 53 54 55 55 56 56 63 63 65 
Academics 0 2 8 10 14 15 17 17 24 24 32 33 36 37 
CoverageMultimediaVideoPodcastsPresentationsGive 55 
JMitchell 53 
tutoring 47 47 
requests 36 54 
NewsMedia 55 
previous 8 
Cambridge 53 
numerous 16 29 36 42 
trustees 56 56 
quantity 42 
Available 7 
Challenge 43 43 
visitors 36 36 56 56 
Financial 1 2 2 7 16 24 25 25 51 51 64 65 65 
DefinedCSA 64 
sponsors 42 59 
promptly 28 
Diabetics 36 
Freehafer 25 
IPFWCareer 22 
Deadlines 2 16 23 
Landscape 51 54 
Technical 20 
PREPAREDNESS 30 
Calendars 25 25 51 56 65 
ForAlumni 12 
Accepting 16 
PageStyle 0 14 15 37 
5Students 65 
Reference 54 54 
AboutWhat 42 
RequestContactContactFeedback 35 
Certified 25 42 
heroImage 12 
Medicines 1 
Accordion 65 
Residence 54 
Americans 36 36 
Camarillo 42 
PortalLog 26 
Memoranda 25 25 
StaffReportsReportsReporting 54 
OnePurdue 51 65 
Languages 51 
Architect 36 
dedicated 26 
Galleries 18 18 23 43 63 
Influence 51 
Briefings 51 
SUPPLEMENTAL 48 
sacademic 42 
academics 17 17 
Objective 65 
Applicant 64 
Education 3 4 24 25 36 43 43 47 50 51 51 54 63 63 64 65 
Undergrad 2 
candidate 54 
Libraries 0 1 2 3 4 5 6 7 8 10 11 12 14 15 16 17 17 18 19 20 24 24 25 31 32 33 34 35 36 37 44 51 53 55 56 60 64 65 
Attending 56 
Aphysical 34 
Practices 34 34 
IPFWCampus 63 
Additions 54 
Scheduler 47 47 48 48 50 50 
Deduction 43 
Amenities 7 
Companies 7 
Lafayette 0 1 2 3 4 5 6 7 7 8 10 11 12 12 14 15 16 17 18 19 20 22 23 24 25 26 28 29 30 30 31 32 33 34 34 35 36 36 37 42 42 43 44 44 47 47 48 48 50 50 51 53 54 54 55 56 56 57 58 58 59 59 60 62 62 63 63 64 64 65 
Emergency 0 1 2 3 4 5 6 7 8 10 11 12 14 15 16 17 18 19 20 22 23 26 29 30 30 31 32 33 35 36 36 37 42 43 47 48 50 53 54 55 57 58 59 60 62 63 64 
Economics 48 51 51 
firePhone 30 
Unpacking 29 42 
Engineers 5 
available 28 28 30 30 36 36 47 47 53 54 57 59 
Buildings 25 
Athletics 0 1 14 15 19 19 24 25 28 32 33 36 37 
Materials 25 34 34 42 42 51 
Subscribe 23 
sForumOct 11 
Marketing 0 1 2 3 4 5 6 7 8 10 11 12 12 14 15 16 17 18 19 20 23 24 24 25 28 28 30 32 33 35 35 36 36 37 37 44 51 51 55 55 
challenge 29 
Telephone 36 36 
Standards 24 34 51 56 65 
Molecular 17 
Conflicts 64 64 
Doctorate 56 
described 54 
Kiplinger 51 51 
Assurance 8 
financial 2 16 54 63 63 
Developer 65 65 
Selection 56 
Residency 54 64 
Geography 51 
Instagram 47 48 50 
Strategic 20 24 56 65 
celebrate 60 
Fulbright 53 
September 31 31 
Committee 25 34 36 36 
Admission 16 
ToursSelf 12 
mainimage 11 
Awareness 63 64 
TroupeNew 59 
deadlines 53 
Procedure 34 
FormsWest 64 
Permanent 64 
clinician 36 
Educators 36 
Webmaster 28 
Statewide 28 54 54 
landscape 54 
advancing 42 58 
technical 36 
Downloads 34 
Locations 7 8 
financing 36 
Audiology 36 36 
PurdueWhy 22 
efficient 7 36 
character 6 
Christmas 63 
PurdueNISO 53 
Citations 51 
Brookings 51 51 
aresearch 42 
agraduate 18 
President 0 1 2 3 4 5 6 7 8 10 11 11 12 14 15 16 17 18 19 20 20 22 23 24 25 25 26 29 31 32 33 33 35 36 36 37 42 43 53 54 55 55 57 58 59 60 62 63 63 64 64 
Directors 36 
Preschool 36 
Exception 34 
Corporate 18 
sForumNov 11 
Potential 53 
sofficial 32 
accessing 12 22 24 25 26 28 29 30 31 34 35 36 36 37 42 43 44 47 48 50 51 53 55 56 59 60 62 63 65 
officials 7 7 
achampion 4 
effective 64 
scheduled 47 
TipsMotor 31 
beginning 18 
Relations 10 22 25 25 26 36 36 57 65 
medicines 1 
accordion 65 65 
ErrorsTranscriptseTranscript 54 54 
Executive 22 25 25 34 
residence 3 36 36 
Classroom 42 54 54 
affirming 42 
practical 36 
F3FC58133C5F3A7D 34 
regarding 30 33 36 36 54 
connected 19 
aerospace 7 
Employees 6 36 
Registrar 1 17 54 54 
qualified 42 
acreative 4 
searching 1 
Inclusion 0 0 1 1 2 2 3 3 4 4 5 5 6 6 7 7 8 8 10 10 11 11 14 14 15 15 16 16 17 17 18 18 19 19 20 20 22 23 26 26 29 29 31 31 32 32 33 33 37 42 42 43 53 57 58 59 62 62 63 64 65 
Repayment 51 
contacted 36 
Statement 24 25 25 33 33 56 
Directory 0 1 2 3 4 5 6 7 8 10 11 12 14 15 16 17 18 19 20 22 23 24 24 25 26 29 31 32 33 35 36 37 42 43 43 44 47 48 50 51 51 53 54 54 55 56 57 58 59 60 62 63 64 64 65 65 
zDirector 42 
Attention 36 
infringed 34 34 
abilities 33 47 
Computing 25 25 
sForums2014 11 
dependent 54 
languages 30 
different 17 29 
anational 7 8 
Retention 54 57 57 64 
Sociology 51 
Qualtrics 47 48 50 
Chemistry 47 48 51 51 
designing 36 
Equipment 36 43 
galleries 18 
DanielsContactEventsPresident 11 
Discovery 5 8 8 18 24 56 56 
Estimator 2 
Resolving 63 
Inquiries 34 
Expertise 24 
Copyright 0 1 2 3 4 5 6 7 8 10 11 12 14 15 16 17 18 19 20 22 23 24 25 26 28 29 30 31 32 32 33 34 34 35 36 37 42 43 44 47 48 50 51 53 54 55 56 57 58 59 60 62 63 64 65 
recommend 48 53 
advocates 42 
geriatric 36 
7504cshelby 31 
Assistant 25 
Reporting 12 25 28 34 34 35 36 51 53 54 55 60 64 64 
enforcing 36 
evaluated 36 
Assistive 36 
Resources 0 1 1 2 2 3 4 4 5 6 6 7 8 10 11 14 15 16 17 18 19 20 22 22 23 23 24 24 25 25 26 26 31 32 33 34 35 36 36 37 47 47 48 48 50 57 57 63 65 
Involving 64 
equitable 42 
receiving 36 63 
applicant 36 53 
undergrad 17 
education 12 17 17 18 22 36 36 42 42 55 55 58 63 64 
determine 36 
tolerance 33 
unethical 28 
Treasurer 25 25 
Extension 20 28 65 
Sponsored 8 25 
completed 6 11 36 
Interview 6 64 
including 2 28 34 36 36 42 42 56 63 63 
readiness 55 
Pinterest 47 48 50 
practices 36 
attending 36 36 48 
messaging 31 
Important 11 17 
afriendly 4 
Promoting 58 
emergency 28 28 30 30 31 36 36 
establish 18 
Integrity 8 24 25 
aresident 6 
companies 6 
installed 36 
sidelines 19 
engineers 8 
sresearch 8 
Employers 6 51 
knowledge 1 48 58 
incidents 36 63 
buildings 36 
athletics 19 19 
subscribe 36 
marketing 24 28 28 30 44 51 
materials 7 7 
excluding 54 
container 51 65 65 
offerings 47 
batteries 36 
liability 34 
mentioned 30 
firsthand 3 
integrate 2 
Diversity 0 1 2 3 4 4 5 5 6 7 8 10 11 14 15 16 17 18 19 20 22 25 26 29 29 31 32 33 37 42 42 57 58 58 59 59 62 62 65 65 
standards 64 
selective 53 
excellent 53 
responded 48 
referring 36 
telephone 34 
therefore 32 
tolerated 28 
Thesaurus 25 
conflicts 64 
penalties 34 34 
Community 11 29 36 36 42 50 50 59 
apersonal 1 
BlackBoard 1 
expedient 56 
selection 53 
recognize 30 
committed 4 28 33 42 58 60 
lStudents 1 16 
numbering 54 
fulbright 53 
complaint 34 
compliant 30 
Suppliers 5 
processed 54 
workplace 36 
Inventors 17 
serialize 0 14 15 37 
Authority 64 
continued 60 
aresource 60 
terminate 34 
SERVICESwww 30 
awareness 30 30 60 
Szymanski 8 
Institute 7 8 24 25 36 42 51 51 
upholding 36 
evaluates 33 36 
BenefitsHR 22 26 
spolicies 63 
deploying 36 
Questions 12 34 43 50 54 
Nutrition 65 
Astronomy 51 
locations 48 
ambitious 55 55 
necessary 28 36 56 
Investors 7 
Universiy 51 51 
tradition 16 
president 11 11 
something 3 22 30 30 
workspace 36 36 
initially 16 
donations 5 
potential 33 53 55 
suspected 28 
operation 56 
scholarly 53 
athorough 28 
submitted 28 36 54 
following 24 28 34 36 36 47 48 54 54 
worldwide 11 
residents 5 
relations 5 57 
documents 54 
requested 36 54 
signature 34 54 
providing 28 29 54 57 62 
illnesses 26 
CareerLife 22 
inclusive 4 
registrar 54 
employees 36 36 57 
FormMessagesInitiativesPurdue 11 
composite 7 
prohibits 33 63 
AmericaOne 29 42 
scampuses 23 
inclusion 4 36 42 
elevators 36 36 
directory 24 
wonderful 42 59 
rmridgway 30 
inquiring 28 
personnel 28 36 
Symposium 18 
exemplary 65 
regularly 47 48 
pathology 8 
retention 36 60 
auxiliary 36 
discovery 8 22 
equipment 7 7 36 
platforms 2 
lecturers 59 
functions 42 
copyright 34 34 
thousands 5 19 
histories 42 
NOTIFICATIONS 31 
reporting 28 28 
assistant 3 6 18 
astudents 60 60 
assistive 36 
oversight 28 
brotherly 20 
resources 4 5 22 22 24 36 36 42 47 47 51 57 58 62 63 
smobility 36 
ingenuity 22 
countries 7 
sponsored 36 42 
resulting 34 
Z5wbttic1yywspjplhsvlsl0h4ybss2vxp83tqzy9towku9x33f 34 34 
interview 28 
multitude 6 
important 1 1 2 2 3 3 4 4 5 5 6 6 7 7 8 8 16 16 17 17 18 18 19 19 20 20 21 23 35 35 55 65 65 
integrity 64 
notations 54 
utilizing 47 
operators 30 
interests 53 
3President 11 
sresponse 42 
ENVIRONMENTAL 30 30 31 31 
computers 30 30 
professor 8 
diversity 4 4 29 33 33 42 42 58 59 65 65 
Acceptable 34 
Mechanical 48 51 
7President 11 
community 4 4 11 12 18 29 33 34 34 36 36 42 42 58 58 59 63 64 65 
Blackboard 0 1 1 2 3 4 5 6 7 8 10 11 12 12 14 15 16 17 18 19 20 22 23 25 26 29 30 31 32 33 35 35 36 36 37 42 43 44 47 48 50 51 53 53 54 55 55 56 57 58 59 60 60 62 63 64 64 65 
currently 47 47 54 54 
TeamCenter 22 
GuideAbout 64 
anonymous 28 28 
institute 7 
INTERSECTIONS 42 
questions 12 28 36 36 48 54 
nutrition 26 
GuideClery 64 
nurturing 42 59 
restrooms 36 
Accessible 36 36 
workshops 42 42 47 53 53 59 
CONCERNEmail 30 
Appearance 11 
solutions 5 
Healthcare 5 
TermsBoard 56 
MannFormer 56 
Biological 51 
StaffTitle 64 
MGoldwater 53 
Aggravated 31 31 
AboutQuick 57 
Electrical 48 51 
Conference 43 
adedicated 42 
Excellence 29 42 47 
Financials 20 
MuseumSLOAN 62 
Additional 32 
Maintained 0 1 2 3 4 5 6 7 8 11 12 14 15 16 17 18 19 20 24 25 26 28 29 31 32 33 35 36 37 42 47 48 50 51 53 54 55 56 57 58 59 60 62 63 64 65 
Engagement 5 5 24 65 65 
Compliance 0 1 2 3 4 4 5 6 7 8 8 10 11 12 14 15 16 17 18 19 20 23 25 30 30 31 32 33 33 34 35 36 37 53 54 55 60 63 63 64 64 
sForumsFeb 11 
Disclaimer 32 32 
Management 4 5 25 25 30 36 48 50 51 51 56 56 64 65 
Facilities 0 1 2 3 4 5 6 7 8 10 11 12 14 15 16 17 18 19 20 22 23 25 25 26 29 31 32 33 35 36 37 42 43 43 44 47 48 50 53 54 55 57 58 59 60 62 63 64 
GuideVoter 54 54 
Advantages 6 22 
DiversiKey 42 
Preference 36 
UsFreshmen 53 
Leadership 18 24 24 42 60 
ListAmazon 54 
accordance 34 34 
Quadrangle 6 
Residences 36 36 
Scheduling 54 54 
Governance 56 
Electronic 56 
Coordinate 53 
biomedical 36 
Guidelines 6 34 35 35 50 65 
Architects 5 
Calculator 0 1 2 3 4 5 6 7 8 10 11 12 14 15 16 17 18 19 20 31 32 33 35 36 37 53 54 55 60 64 
Accounting 25 25 51 
celebrated 19 
Highlights 11 53 
difference 3 4 
Amendments 63 
atechnical 36 
Membership 3 3 43 43 
Enrichment 47 
applicable 33 64 64 
2015Reported 31 31 
Graduation 54 
confidence 48 
accessible 36 36 
aProactive 36 
Assistance 20 25 47 
Disability 0 1 2 3 4 4 5 6 7 8 11 14 15 16 17 18 19 20 24 32 33 36 36 47 48 57 58 63 64 
Reportable 64 64 
Roundtable 42 
Connection 34 45 51 56 
pagePurdue 65 
TipsSexual 31 
savailable 36 
Directions 12 25 
Department 7 31 31 36 36 63 
Indigenous 62 
Memorandum 34 
Unicycling 19 
unaffected 3 
Harassment 63 
Recipients 56 63 
Initiative 42 57 
challenges 36 55 55 
Ergonomics 36 
Astatement 34 34 
Dictionary 25 51 
remarkable 19 
Withdrawal 54 
attendance 54 54 
Humanities 51 
breadcrumb 31 
Foundation 7 7 8 42 
Counseling 3 36 
conference 42 42 
excellence 33 
designated 28 34 34 
sForumSept 11 
electrical 2 
Performing 59 
Misconduct 31 31 
additional 28 30 36 36 
Developers 25 
energySave 7 
Principles 6 
LCCResource 60 
sFulbright 53 
StreetWest 34 59 63 
Millennium 34 
Committees 25 56 
Complaints 0 1 2 3 4 5 6 7 8 10 11 12 14 15 16 17 18 19 20 22 23 24 26 28 29 30 31 32 33 35 36 37 42 43 44 47 48 50 51 53 54 55 56 57 58 59 60 62 63 63 64 65 
Admissions 0 2 2 9 14 15 16 16 24 24 32 33 36 37 65 65 
mainbanner 55 
compliance 30 31 64 64 
adifficult 17 
engagement 5 5 
wheelchair 36 
reasonable 36 
complained 34 
Procedures 24 24 25 34 65 
Technology 0 1 2 3 4 5 5 6 7 7 8 8 10 11 14 15 16 17 18 19 20 23 24 28 31 32 33 36 37 47 50 51 51 54 56 65 65 
Fellowship 57 
Sharepoint 47 48 50 
facilities 36 36 
encouraged 36 
Disclosure 31 
management 26 36 
Commitment 20 64 
lppwebapa01 0 1 2 3 4 5 6 7 8 9 10 11 12 13 14 15 16 17 18 19 20 21 22 23 24 25 26 27 28 29 30 31 32 33 35 36 37 38 39 40 41 42 43 44 46 47 48 49 50 51 52 53 54 55 56 57 58 59 60 62 63 64 65 
advantages 22 
Orchestras 18 
Continuing 3 24 
Intramural 43 43 
Authorized 36 
Apartments 3 
associated 36 64 
unofficial 32 32 
Enrollment 20 
background 1 1 2 2 3 3 4 4 5 5 6 6 7 7 8 8 10 10 11 12 16 16 17 17 18 18 19 19 20 20 21 21 22 23 24 26 26 28 28 29 29 31 35 42 51 53 55 57 58 59 59 60 60 62 63 64 65 65 
Literature 51 
determined 36 
scientific 22 
Traditions 20 20 24 
leadership 19 60 60 
Smartphone 2 
Washington 51 
capability 30 
vegetables 10 
BIGipServer 0 1 2 3 4 5 6 7 8 9 10 11 12 13 14 15 16 17 18 19 20 21 22 23 24 25 26 27 28 29 30 31 32 33 34 35 36 37 38 39 40 41 42 43 44 45 46 47 48 49 50 51 52 53 54 55 56 57 58 59 60 62 63 64 65 
increasing 42 42 
Operations 25 25 36 
herobanner 22 
discipline 17 34 
Creativity 2 
Government 56 
diagnostic 36 
Innovation 12 22 26 29 35 36 37 43 53 54 55 57 58 59 60 62 63 
Assessment 51 
iadirector 28 
cooperated 8 
awelcoming 4 42 
integrated 30 
Protection 8 28 28 
decoration 65 65 
experience 42 42 57 58 59 
connecting 42 58 
acondition 36 
acomplaint 36 
electronic 34 36 
mechanisms 28 28 30 
Networking 3 
specialize 47 
guidelines 36 
individual 28 33 34 36 36 
Veterinary 4 51 
hhswebhelp 65 
Prevention 31 31 64 64 
Employment 6 6 24 25 25 43 43 51 
Transcript 3 54 54 
Reputation 51 
Transition 47 47 48 48 50 
infringing 34 34 
especially 22 
Statistics 20 25 31 47 48 51 
fulfilling 64 
Submission 54 
generation 42 
regardless 42 
encourages 33 
3092rathomas 59 
Newsletter 57 
scholastic 54 
enrichment 42 42 
developing 2 7 36 
graduation 54 60 
disability 33 36 36 
assistance 26 28 36 36 63 63 
subjecting 11 
Regulatory 8 
Philosophy 51 
Frequently 34 43 50 
repeatedly 34 
connection 36 
reasonably 34 
sufficient 28 34 
Interviews 6 
Psychology 51 
completing 42 54 
semergency 30 
aperformer 16 
Innovators 7 7 
directions 62 
purchasing 36 
department 30 30 34 
Astronauts 17 
indigenous 42 
activities 33 34 36 36 42 42 63 64 
recipients 63 
impairment 36 
ergonomics 36 
harassment 36 63 
initiative 7 
DayOfGiving 60 
foundation 42 
interested 36 42 
overseeing 36 
telephones 36 
getstarted 35 35 
counseling 26 
evaluation 53 
understand 35 
discreetly 28 
atmosphere 4 
unyielding 4 
principles 64 
performing 59 
emphasizes 56 56 
recognizes 33 
techniques 2 
respective 47 
complaints 36 
conditions 26 36 
tregretted 16 
admissions 16 16 
fingertips 57 
sphysician 36 
physicians 36 
Supporting 36 
80837a06f2e5f7f5 34 
LabSchedule 59 
procedures 33 34 63 
technology 22 36 36 42 42 44 
respectful 63 
processing 34 54 
disclosure 28 
commitment 19 
12015Reported 31 
presenting 42 59 
authorized 34 34 36 
protecting 26 
intramural 19 
laboratory 2 22 36 36 
COMPLIANCEwww 30 
previewing 24 28 
themselves 5 28 29 
ServicesReserveRoomsMediaToursLeadershipLeadership 60 
traditions 42 65 
42015Reported 31 
equipiment 30 
literature 18 18 
enthusiasm 4 
52015Reported 31 
MANAGEMENTwww 30 
Supervisor 22 
University 0 0 1 1 2 2 3 3 4 4 5 5 6 6 7 7 8 8 9 10 10 11 11 12 12 13 14 14 15 15 16 16 17 17 18 18 19 19 20 20 22 22 23 23 24 24 25 25 26 26 28 28 29 29 30 30 31 31 32 32 33 33 34 34 35 35 36 36 37 37 42 42 43 43 44 44 47 47 48 50 51 51 53 53 54 54 55 55 56 56 57 57 58 58 59 59 60 60 62 62 63 63 64 64 65 
minorities 33 
milestones 20 
innovative 2 
cultivates 42 
creativity 33 
internship 6 
toiletries 5 
preserving 42 58 
82015Reported 31 31 
protective 30 
innovation 8 22 55 
renovation 6 
sustaining 4 
submitting 54 
assessment 36 42 
acommunity 33 60 
92015Reported 31 31 
classrooms 30 30 
production 54 
DatesGrades 54 
biosensors 2 2 
preventive 26 
apromotion 20 
fraternity 5 
personally 54 
scientists 8 8 17 
eventually 3 
transcript 54 54 
employment 33 36 57 
consistent 33 36 
prevention 30 
industries 7 
stimulates 33 
RelationsHR 22 26 57 
outpatient 36 
automotive 7 
regulatory 28 
philosophy 42 
constantly 42 58 
interviews 53 
expression 33 42 
culturally 59 
BriefNumber 59 
newsevents 64 
EventsBlack 29 42 
purduenews 10 23 
ADepartment 58 59 62 
DIRECTORPhone 30 
professors 17 
volunteers 36 
UsAboutWhat 29 42 
positively 48 
throughout 36 42 42 
BoardPortal 56 
ServiceGive 35 
PurdueBoard 44 56 65 
NewsDaniels 11 
ArchiveNews 64 
PrimaryCare 26 
Celebrating 58 
NoticeClery 64 
CrimesClery 64 
supervisor 28 
university 0 1 2 3 4 5 6 7 7 8 10 11 12 14 15 16 17 18 19 20 22 23 24 25 26 28 29 30 30 31 32 33 34 35 35 36 37 42 43 44 47 48 50 51 53 54 54 55 56 57 58 59 60 62 63 64 65 
Certificate 42 
Appearances 19 
Merchandise 12 
structures 6 
Receivables 25 
Advancement 25 
PolicyEqual 63 
GrantsMajor 53 
Established 42 
PUDiversity 29 
Educational 4 18 18 29 34 42 42 54 58 59 62 62 
ProcessMeet 56 
FacilityOur 59 
Engineering 36 42 42 47 47 48 48 50 51 51 
MinorNative 62 
ToursMiddle 12 
adifference 5 
GalleryRoom 60 
Specialized 47 47 48 48 50 
Boilermaker 19 20 24 24 
Directional 59 
Affirmative 33 63 
MovesGallup 11 
Mathematics 48 51 51 
Application 50 50 53 56 
sForumApril 11 11 
TipsRobbery 31 
Bienvenidos 60 
policePhone 30 
PurdueToday 24 
Eligibility 43 
sacceptable 34 
ThinkSummer 0 14 15 
sPathfinder 36 
Publication 51 
Experiences 65 
Observances 29 42 
sElectronic 25 
Sustainable 1 
Attachments 54 
Retaliation 28 
Individuals 28 
TipsAssault 31 
Transgender 29 42 42 58 59 62 
Directories 25 
Association 3 24 25 25 65 
Operational 51 54 
PurdueMoves 55 
OpportunitiesUndergraduatePost 53 
Memberships 43 
EventsPhoto 35 
Collections 25 
Minneapolis 6 
Recognition 48 
sDisability 36 
abackground 10 10 22 22 26 26 28 35 35 55 55 63 63 64 64 
Eduniversal 51 
Copyrighted 34 34 
Polytechnic 11 
Connections 42 59 
Cooperation 25 
Accountants 25 
Development 5 22 24 24 25 26 51 57 65 
Webometrics 51 
Coordinator 36 36 42 
aresearcher 2 
Information 0 0 1 1 2 2 3 3 4 4 5 5 6 6 7 7 8 8 10 10 11 11 12 12 14 14 15 15 16 16 17 17 18 18 19 19 20 20 23 24 24 25 25 31 31 32 32 33 33 34 34 36 36 37 37 43 44 50 51 54 54 56 59 65 65 
Departments 29 42 42 58 59 62 
Agriculture 4 28 47 50 51 51 
established 36 42 
sbasketball 19 
Initiatives 65 
Testimonial 50 
facilitates 42 
educational 36 42 42 58 63 
achievement 1 55 
Citizenship 18 
liabilities 64 
Brouillette 56 
conferences 42 
conformance 33 
engineering 2 6 6 22 36 42 42 
Orientation 47 47 48 48 50 57 65 
coordinated 36 
experienced 3 
Kinesiology 65 
convenience 54 
StudentsVPDI 29 42 
Regulations 24 54 
Communities 2 17 24 50 50 65 
Linguistics 51 
affirmative 33 
Appointment 56 
eTranscript 54 54 
maintaining 33 
Translation 30 
Permanently 27 27 38 38 39 39 40 40 41 41 
adisability 12 19 22 24 25 26 28 29 30 31 34 35 36 37 42 43 44 47 48 50 51 53 55 56 59 60 62 63 65 
TrusteesNot 56 
HomeAcademic 47 48 
mathematics 42 42 
Disclosures 28 
imagination 22 
Outstanding 18 
Authorities 64 
Anniversary 63 
Reservation 60 
avideophone 36 
Intramurals 19 
Recruitment 6 57 57 65 
Contractors 5 
Comptroller 25 
application 53 
implemented 30 
sEnterprise 28 
Enterprises 25 
Procurement 5 25 
Prospective 0 1 2 2 3 4 5 6 6 7 8 10 11 12 14 15 16 17 18 19 20 22 23 26 29 31 32 33 35 36 37 42 43 47 48 50 50 53 54 55 57 58 59 60 62 63 64 
Environment 57 
communicate 36 50 
Expirations 54 
participate 36 42 42 
eligibility 36 
disciplines 17 47 55 
researchers 7 
Internships 1 
sufficiency 1 
Hospitality 65 
devastating 1 
traditional 47 48 
coordinates 42 53 
experiences 36 60 
comparative 18 
carotenoids 10 
manufacture 1 
sidenavopen 65 65 
attachments 54 
exceptional 47 
individuals 28 32 33 34 36 36 
Transcripts 54 54 
anomination 53 
primarycare 26 
generations 17 
theTrustees 56 
scholarship 53 
contractual 33 
maincontent 28 28 
discoveries 22 
Investments 7 25 
copyrighted 34 
realization 33 
necessarily 32 
Instruction 1 47 48 48 
ourresearch 55 
EMERGENCIESCall 31 
programming 29 42 42 
sburgeoning 17 
development 7 36 42 42 53 57 59 
integration 42 58 
specialists 28 
Consortiums 58 
demonstrate 36 
leftcontent 28 
responsible 6 28 34 36 36 
information 1 1 2 23 25 28 28 30 30 31 32 32 33 34 34 36 36 53 54 
agriculture 42 
subscribers 30 30 
departments 30 34 36 47 
appropriate 11 28 
CampaignMind 29 42 
acquisition 57 
Exploratory 50 
srecipients 23 
EOHarassment 64 
conjunction 36 
purduemitch 11 
controlling 55 
atranscript 54 
evaluations 36 
portallogin 26 
orientation 33 36 42 
PageBenefits 57 
unstoppable 55 
ContactsFERPA 54 
communities 42 60 
limitations 33 
regulations 30 33 56 64 64 
aspirations 16 
essentially 2 
BenefitsGrad 57 
appointment 26 36 53 
commitments 64 
fellowships 53 53 
Instructors 50 50 
scommitment 31 
retaliatory 28 
outstanding 6 
stimulating 59 
recruitment 60 
adjustments 36 36 
CalendarPast 29 42 
transparent 21 
empowerment 60 
interpreter 36 
senterprise 28 
smartphones 2 
strengthens 33 
environment 28 36 42 42 
internships 42 
renovations 36 
innovations 7 
professions 42 
suggestions 25 
enthusiasts 4 
2014AugustCase 31 
PlayersBlack 59 
stranscript 54 
transcripts 54 54 
Opportunity 33 47 48 63 
purduemoves 55 55 
frustration 17 17 48 
feedsCollege 65 
CoursesGrade 54 
myPurdueFERPA 54 
ComplaintsIf 25 
StatusChange 54 54 
institution 33 
Radiological 30 36 
sensitivity 33 
CentralOther 22 
StaffFaculty 54 
anonymously 28 28 
aBoilermaker 2 2 3 3 19 
GuideCulture 59 
Certificates 43 
Disabilities 36 36 
aTourContact 62 
CourseNative 62 
academically 42 55 
Enhancements 30 
Recreational 24 24 43 43 
sForumsMarch 11 
Indianapolis 42 42 51 51 
deficiencies 36 
EventsNative 62 
SecurePurdue 34 
Achievements 20 20 
EmployeesNew 57 
opportunity 0 1 2 3 4 5 6 7 8 10 11 12 14 15 16 17 18 19 20 22 23 24 25 26 28 29 30 31 32 33 33 34 35 36 36 37 42 43 44 47 48 50 51 53 54 55 56 57 58 59 60 62 63 64 64 65 
SeriesSpring 59 
ProcessFAQFor 54 
Additionally 33 
Boilermakers 6 
Departmental 54 
SystemsFinal 54 
Occupational 51 
independence 1 
Architecture 51 
Technologies 7 
Presidential 3 11 18 
NetworkAbout 58 
Adescription 34 34 
StudentsInfo 53 
Pharmacology 51 
Infringement 34 34 
CostWellness 26 
aTourReserve 59 
Notification 36 36 
Applications 25 
ResponseRisk 64 
TipsBurglary 31 
lifeatPurdue 22 
capabilities 8 
Econometrics 51 
deptaudience 35 35 55 55 
AdmissionsAcademicsInclusionArts 1 2 3 4 5 6 7 8 16 17 18 19 20 
unaffiliated 32 
Preparedness 30 30 36 36 
MonthStudent 62 
Publications 25 51 51 65 
facilitating 36 
Agricultural 10 
Compensation 22 25 26 57 
asignificant 20 
PREPAREDNESSwww 31 
2014Prevention 31 
Participants 48 
Alternatives 34 
PurduePhotos 25 
Governmental 25 25 
Scholarships 2 24 53 53 65 
Professional 24 24 25 
disabilities 33 36 36 
acentralized 25 
Convocations 3 18 
Coordinators 54 
Expectations 50 
32015MarchMotor 31 
Descriptions 24 
unparalleled 57 
enhancements 30 30 
Supplemental 1 47 48 48 64 
Registration 54 54 
availability 47 
CommunityOur 22 
Competitions 19 
appreciation 65 
matriculated 42 
Distribution 25 
coordinating 36 36 
circumstance 33 
departmental 23 30 
humanitarian 22 
ascholarship 20 
40yearcropped 63 
Introduction 50 54 
Partnerships 0 0 1 2 3 4 5 6 7 8 8 10 11 14 14 15 15 16 17 18 19 20 23 31 32 33 36 37 42 64 
Requirements 16 
technologies 7 36 
Reservations 43 
intellectual 42 65 
infringement 34 34 
applications 53 
notification 34 36 
stakeholders 64 
implementing 36 64 
Universities 51 51 
Construction 0 1 2 3 4 5 5 6 6 7 8 10 11 12 14 15 16 17 18 19 20 22 23 26 29 31 32 33 35 36 37 42 43 47 48 50 53 54 55 57 58 59 60 62 63 64 
facultystaff 64 
preparedness 30 31 
publications 51 
microbiology 3 
compensation 57 
apartnership 36 42 
relationship 63 
participants 63 64 
scholarships 53 53 
drswebmaster 43 
Northwestern 42 42 
screensavers 24 
professional 16 42 42 
organization 4 
Distruptions 23 
AreLeadership 35 
interviewing 42 
alumnidonors 10 22 26 55 63 
securepurdue 30 
Institutions 51 
DevelopmentHR 26 
CalumetCareer 22 
competitions 53 
IdeasResearchAlumniAthleticsAbout 1 2 3 4 5 6 7 8 16 17 18 19 20 
TrainingChild 64 
consultative 42 
StaffManagers 57 
appointments 23 
spartnership 47 
consultation 36 
corporations 6 
immunization 36 
requirements 16 30 34 
successfully 42 48 
intervention 36 
environments 63 
universities 8 11 
construction 6 7 36 
AboutMitchell 11 
ProgramGilman 53 
CentralCampus 63 
ScholarsStaff 53 
CalumetCampus 63 
2015MayReported 31 
frustrations 17 
ContactsClass 54 
aDisabilities 36 
PurdueCareers 22 
ScholarsSloan 62 
storytellers 35 
institutions 55 64 
baccalaureate 42 53 
WritersJahari 59 
ServicesAbout 53 
aBoilermakers 60 
EventsWelcome 12 
12014OctoberCase 31 
Certification 54 54 
StudentsLarge 12 
DocumentsForm 54 
Accessibility 36 36 43 
Effectiveness 51 
ToursSchedule 12 
Undergraduate 8 16 16 24 24 51 51 65 65 
Psychological 36 65 
NetworkCampus 59 
Distinguished 63 
Manufacturing 5 7 
ResourcesFort 64 
Understanding 54 
Communication 0 1 2 3 4 5 6 7 8 10 10 11 12 14 15 16 17 18 19 20 22 23 24 26 29 31 32 33 35 35 36 37 42 43 47 47 48 50 51 53 54 55 57 58 59 60 62 63 64 
92015JanuaryCase 31 
Participation 29 42 42 54 54 58 59 62 
International 1 4 16 17 24 47 48 51 51 53 53 64 65 65 
ActUniversity 54 
Protectionand 30 
2015DecemberCase 31 
technological 22 55 
Inspirational 18 
accommodation 36 
lScholarships 2 
affordability 55 
Administrator 36 
collaborating 5 
Environmental 12 30 30 35 36 36 51 53 55 60 64 
noncompliance 28 
Professionals 25 
Organizations 1 2 8 18 19 24 24 25 36 
accessibility 0 1 2 3 4 5 6 7 8 10 11 14 15 16 17 18 19 20 23 32 33 36 36 54 57 58 64 
abbreviations 54 
collaboration 8 
Whistleblower 28 
undergraduate 18 42 
encouragement 3 3 
Instructional 47 
participating 36 
apersonalized 36 
psychological 36 
Entrepreneurs 7 
determination 33 
ChannelCollege 65 
circumstances 34 
manufacturing 1 
Hyperactivity 36 
aprofessional 36 
understanding 33 42 58 59 60 65 65 
communication 23 
participation 63 
Institutional 4 25 36 36 51 63 65 
international 53 
comprehensive 36 
comprehension 48 
notifications 34 
EnsemblesBlack 59 
investigating 36 
entertainment 18 
CalendarOnline 54 
individuality 4 
investigation 28 
relationships 6 
Opportunities 1 3 6 22 22 60 
cooperatively 64 
questionnaire 36 
practitioners 26 
professionals 26 30 36 
organizations 6 32 36 47 
CompensationHR 22 26 
whistleblower 64 
extraordinary 55 55 
4International 51 
substantially 36 
ServicesOffice 25 
contributions 42 
psychotherapy 36 
ProgramCollege 29 42 
institutional 42 54 
cytoskeletons 8 
FireDepartment 30 
newsroomtiles 10 10 
AnswersGrading 54 
2015JuneReported 31 
ServicesTribal 62 
opportunities 5 6 6 23 24 29 36 42 42 55 
ProceduresAnti 63 
Identification 54 
InitiativesThe 29 42 
Classification 34 54 54 
ProcessDevelop 53 
Rehabilitation 36 
StaffResources 29 42 
CenterComputer 59 
Accommodations 36 36 
ProgramsLatino 60 
32014NovemberCase 31 
Certifications 43 
benefitsPaying 57 
ContactsHonors 53 
SerializerTool 0 14 15 37 
ReportingClery 64 
ReportsInitial 54 
PositionsStaff 22 
ResourcesTitle 64 
Discrimination 63 64 
CommunityHuman 22 
Undergraduates 17 65 65 
serviceRetiree 57 
CommunitySloan 62 
Organizational 30 
pharmaceutical 1 
Administrative 5 24 25 25 
eventContainer 53 53 
ResourcesNorth 64 
Nontraditional 47 
Administration 20 24 36 36 65 
LinkedInCollege 65 
Communications 22 25 26 57 57 
identification 54 
RequestCurrent 54 
understandable 48 
rehabilitative 36 
aforementioned 54 
accommodations 36 36 
Anniversary40th 63 
RequestRequest 29 42 
Administrators 42 
adistinguished 42 
Sustainability 25 44 
accountability 55 
qualifications 33 
discrimination 33 36 63 63 
undergraduates 36 42 
administrative 25 42 
administration 56 56 
CenterAboutMeet 12 
Transportation 25 
intellectually 59 
ProgramPLAOLaFaSA 60 
transformative 22 
2015ArchivesAbout 59 
interpretation 33 
TalkAffirmative 64 
UnionExcelencia 60 
ContactsCollege 54 
ContactsGeneral 64 
ProgramsIndiana 29 42 
studentsuccess 47 47 48 48 50 50 
responsibility 32 
ultrasensitive 2 2 
nocostwellness 26 
2015AprilReported 31 
CalendarsSummer 54 
DocumentsSearch 64 
LafayetteCampus 63 
LogmyPurduePlan 54 
SchedulingEvent 54 
CollectiveRates 59 
LeadershipWorld 55 
ProgramNational 58 
SeniorsGraduate 53 
BreadBoilerMENTOR 29 42 
ContactsRecords 54 
ReportingRecord 54 
PositionsCareer 22 
Intercollegiate 28 
22014SeptemberCase 31 
PoliciesStudent 54 
clientsSchedule 26 
academicsuccess 47 
sForumSeptember 11 
ResourcesCampus 35 
audiencefeature 1 2 3 4 5 6 7 8 16 17 18 19 20 
ResourcesSexual 64 
UpWhistleblower 64 
agroundbreaking 7 
WorkshopsCampus 64 
characteristics 33 
Congratulations 53 
OfficeManagerial 25 
adiscrimination 42 
PhotosDiversity 29 42 
ConsortiumsList 58 
ContactsAcademic 54 54 
recommendations 30 
accomplishments 60 
Transformations 42 
ofInstitutional 51 64 
ScholarshipsNAECC 62 
TrainingAdvanced 64 
purdueemergency 30 30 
OnlyBenefitsMain 57 
currentStudents 1 1 
TeamServicesWhat 35 
StudentsAcademic 54 
FacilitySchedule 62 
PoliceDepartment 30 
ScholarshipUdall 53 
PurdueAdvantages 22 
ScholarshipGates 53 
ScholarshipBoren 53 53 
2007ReportingSpeak 64 
AboutHistoryMeet 62 
GroupsConference 12 
StaffInformation 54 
ResponseGraduate 64 
RevisionSchedule 54 
currentstudents 1 10 22 26 55 63 
CoordinatorAlysa 63 
ContactExecutive 54 
UsEventsUpcoming 29 42 62 
ScholarshipBarry 53 
AccessibilitySTEM 55 
ResourcesCalumet 64 
ScholarshipHarry 53 
InformationEvent 54 
InformationArson 31 
PolicyProcedures 63 
benefitsEmployee 57 
FacultyResources 29 42 
andEnvironmental 30 
EmployeesCurrent 57 
InterestPrograms 64 
Responsibilities 64 
62015FebruarySexual 31 
Entrepreneurship 0 0 1 2 3 4 5 5 6 7 7 8 10 11 14 14 15 15 16 17 18 19 20 22 23 26 29 31 32 33 35 36 42 43 53 54 55 57 58 59 60 62 63 64 
StudentsStudents 53 
appointmentHours 26 
InitiativeResourcesFormsFAQsConflicts 64 
FormHoldsPersonal 54 54 
SchedulingEvening 54 
entrepreneurship 7 
DevelopmentGlobal 58 
InspirationHaraka 59 
ScholarshipGeorge 53 
RecordsFormsForms 54 
DirectionsParking 12 
ScholarshipRhodes 53 
InsuranceEmployee 57 
ScholarshipsMajor 53 
11303C4E8709D7E60093A712486C516E 34 
InstructionsGrade 54 
Commercialization 0 0 1 2 3 4 5 5 6 7 7 8 8 10 11 14 14 15 15 16 17 18 19 20 22 23 26 29 31 32 33 35 36 42 43 53 54 55 57 58 59 60 62 63 64 
FergusonReligious 29 42 
OverviewProcedure 64 
Telecommunication 36 
OperationsHousing 25 
PresidentPodcastsPhotosSpeechesSelect 11 
preparednessPhone 30 
Nondiscrimination 33 33 
SophomoresJuniors 53 
commercialization 7 7 8 
StaffRetireesStaff 57 
interdisciplinary 56 56 
DesignIntelligence 51 
AssistantSignatureNewsletterCalendars 54 
communityoutreach 10 22 63 
PresentationDegree 54 
ConnectionsGallery 62 
PoliciesProcedures 64 
GuidelinesMilitary 54 
OrganizationAlumni 58 
ConcentrationIssue 54 
sForumPresidential 11 
DirectoryDirectory 57 
Telecommunications 36 
GovernmentHonorary 56 
UniversityPolicies 64 
PoliciesUniversity 64 
NewslettersStudent 62 
aRoomResourcesBlack 59 
EligibilityChanging 57 
ScholarshipBeinecke 53 
EducationNewsRecent 55 
CalendarPolytechnic 54 
psychopharmacology 36 
leavesCareersCenter 57 
LeadershipStrategic 57 
DisabilitiesGetting 12 
ScholarshipMarshall 53 
InitiativeChurchill 53 
EnsemblesPerforming 59 
GoalsOrganizational 57 
AlumniInternational 53 
SchoolInternational 53 
DevelopmentEmployee 22 
HarassmentMandatory 63 
CurriculaEnrollment 54 54 
BiographyCurriculum 11 
InformationCultural 59 
WorkshopsIndividual 53 
RegistrationTextbooksTextbooksTextbook 54 
CoursesRegistration 54 54 
SupervisorsGraduate 57 
fireprotectionPhone 30 
LibraryInstructions 54 
ProspectiveStudents 0 14 15 
TrainingOverridesQAs 54 
OpportunitiesSenior 22 
